Time, |\Pi_i|\ge 2, |\Pi_2|^c, |\Pi_2|^w, |compactness
wit-3-50-200-0.txt
37.3426 12 12 25 6719
wit-3-50-200-1.txt
36.1198 8 8 16 6720
wit-4-50-200-0.txt
31.9948 8 8 17 6719
wit-4-50-200-1.txt
32.0474 7 8 19 6718
wit-5-50-200-0.txt
31.3858 0 0 0 6720
wit-5-50-200-1.txt
31.4063 1 1 3 6720
wit-6-50-200-0.txt
31.3869 0 0 0 6720
wit-6-50-200-1.txt
31.3346 0 0 0 6720
wit-10-50-200-0.txt
29.4987 0 0 0 6720
wit-10-50-200-1.txt
29.4961 1 1 2 6720
wit-20-50-200-0.txt
30.3158 0 0 0 6720
wit-20-50-200-1.txt
30.2797 1 1 2 6720
