50 3.0 0.084550 0 0 0.000000 20 0.0 0.0
50 3.1 0.076200 0 0 0.000000 20 0.0 0.0
50 3.2 0.082150 0 0 0.000000 20 0.0 0.0
50 3.3 0.081500 0 0 0.000000 20 0.0 0.0
50 3.4 0.077450 0 0 0.000000 20 0.0 0.0
50 3.5 0.080750 0 0 0.000000 20 0.0 0.0
50 3.6 0.083850 0 0 0.000000 20 0.0 0.0
50 3.7 0.079900 0 0 0.000000 20 0.0 0.0
50 3.8 0.082850 0 0 0.000000 20 0.0 0.0
50 3.9 0.083750 0 0 0.000000 20 0.0 0.0
50 4.0 0.083000 0 0 0.000000 20 0.0 0.0
50 4.1 0.079200 0 0 0.000000 20 0.0 0.0
50 4.2 0.081000 0 0 0.000000 20 0.0 0.0
50 4.3 0.083950 0 0 0.000000 20 0.0 0.0
50 4.4 0.084750 0 0 0.000000 20 0.0 0.0
50 4.5 0.086150 0 0 0.000000 20 0.0 0.0
50 4.6 0.091450 0 0 0.000000 20 0.0 0.0
50 4.7 0.089550 0 0 0.000000 20 0.0 0.0
50 4.8 0.084250 0 0 0.000000 20 0.0 0.0
50 4.9 0.083150 0 0 0.000000 20 0.0 0.0
50 5.0 0.087750 0 0 0.000000 20 0.0 0.0
60 3.0 0.084200 0 0 0.000000 20 0.0 0.0
60 3.1 0.088000 0 0 0.000000 20 0.0 0.0
60 3.2 0.083100 0 0 0.000000 20 0.0 0.0
60 3.3 0.082550 0 0 0.000000 20 0.0 0.0
60 3.4 0.083350 0 0 0.000000 20 0.0 0.0
60 3.5 0.082600 0 0 0.000000 20 0.0 0.0
60 3.6 0.083450 0 0 0.000000 20 0.0 0.0
60 3.7 0.082450 0 0 0.000000 20 0.0 0.0
60 3.8 0.082650 0 0 0.000000 20 0.0 0.0
60 3.9 0.087850 0 0 0.000000 20 0.0 0.0
60 4.0 0.084750 0 0 0.000000 20 0.0 0.0
60 4.1 0.087200 0 0 0.000000 20 0.0 0.0
60 4.2 0.083550 0 0 0.000000 20 0.0 0.0
60 4.3 0.086550 0 0 0.000000 20 0.0 0.0
60 4.4 0.082300 0 0 0.000000 20 0.0 0.0
60 4.5 0.088300 0 0 0.000000 20 0.0 0.0
60 4.6 0.087700 0 0 0.000000 20 0.0 0.0
60 4.7 0.082250 0 0 0.000000 20 0.0 0.0
60 4.8 0.086650 0 0 0.000000 20 0.0 0.0
60 4.9 0.082550 0 0 0.000000 20 0.0 0.0
60 5.0 0.084800 0 0 0.000000 20 0.0 0.0
70 3.0 0.084400 0 0 0.000000 20 0.0 0.0
70 3.1 0.083250 0 0 0.000000 20 0.0 0.0
70 3.2 0.084250 0 0 0.000000 20 0.0 0.0
70 3.3 0.084900 0 0 0.000000 20 0.0 0.0
70 3.4 0.080750 0 0 0.000000 20 0.0 0.0
70 3.5 0.081550 0 0 0.000000 20 0.0 0.0
70 3.6 0.086050 0 0 0.000000 20 0.0 0.0
70 3.7 0.086150 0 0 0.000000 20 0.0 0.0
70 3.8 0.086500 0 0 0.000000 20 0.0 0.0
70 3.9 0.086800 0 0 0.000000 20 0.0 0.0
70 4.0 0.082400 0 0 0.000000 20 0.0 0.0
70 4.1 0.087950 0 0 0.000000 20 0.0 0.0
70 4.2 0.090000 0 0 0.000000 20 0.0 0.0
70 4.3 0.088650 0 0 0.000000 20 0.0 0.0
70 4.4 0.090650 0 0 0.000000 20 0.0 0.0
70 4.5 0.086700 0 0 0.000000 20 0.0 0.0
70 4.6 0.084600 0 0 0.000000 20 0.0 0.0
70 4.7 0.091950 0 0 0.000000 20 0.0 0.0
70 4.8 0.089100 0 0 0.000000 20 0.0 0.0
70 4.9 0.082950 0 0 0.000000 20 0.0 0.0
70 5.0 0.091400 0 0 0.000000 20 0.0 0.0
80 3.0 0.083750 0 0 0.000000 20 0.0 0.0
80 3.1 0.086950 0 0 0.000000 20 0.0 0.0
80 3.2 0.080700 0 0 0.000000 20 0.0 0.0
80 3.3 0.084350 0 0 0.000000 20 0.0 0.0
80 3.4 0.080600 0 0 0.000000 20 0.0 0.0
80 3.5 0.088000 0 0 0.000000 20 0.0 0.0
80 3.6 0.083750 0 0 0.000000 20 0.0 0.0
80 3.7 0.084250 0 0 0.000000 20 0.0 0.0
80 3.8 0.081100 0 0 0.000000 20 0.0 0.0
80 3.9 0.086650 0 0 0.000000 20 0.0 0.0
80 4.0 0.086200 0 0 0.000000 20 0.0 0.0
80 4.1 0.089300 0 0 0.000000 20 0.0 0.0
80 4.2 0.091200 0 0 0.000000 20 0.0 0.0
80 4.3 0.093300 0 0 0.000000 20 0.0 0.0
80 4.4 0.088200 0 0 0.000000 20 0.0 0.0
80 4.5 0.094650 0 0 0.000000 20 0.0 0.0
80 4.6 0.087550 0 0 0.000000 20 0.0 0.0
80 4.7 0.092150 0 0 0.000000 20 0.0 0.0
80 4.8 0.089450 0 0 0.000000 20 0.0 0.0
80 4.9 0.094100 0 0 0.000000 20 0.0 0.0
80 5.0 0.094000 0 0 0.000000 20 0.0 0.0
90 3.0 0.087950 0 0 0.000000 20 0.0 0.0
90 3.1 0.081600 0 0 0.000000 20 0.0 0.0
90 3.2 0.088400 0 0 0.000000 20 0.0 0.0
90 3.3 0.084200 0 0 0.000000 20 0.0 0.0
90 3.4 0.082550 0 0 0.000000 20 0.0 0.0
90 3.5 0.083650 0 0 0.000000 20 0.0 0.0
90 3.6 0.089250 0 0 0.000000 20 0.0 0.0
90 3.7 0.087050 0 0 0.000000 20 0.0 0.0
90 3.8 0.085900 0 0 0.000000 20 0.0 0.0
90 3.9 0.090750 0 0 0.000000 20 0.0 0.0
90 4.0 0.084550 0 0 0.000000 20 0.0 0.0
90 4.1 0.086100 0 0 0.000000 20 0.0 0.0
90 4.2 0.091050 0 0 0.000000 20 0.0 0.0
90 4.3 0.090500 0 0 0.000000 20 0.0 0.0
90 4.4 0.086550 0 0 0.000000 20 0.0 0.0
90 4.5 0.089100 0 0 0.000000 20 0.0 0.0
90 4.6 0.084950 0 0 0.000000 20 0.0 0.0
90 4.7 0.094700 0 0 0.000000 20 0.0 0.0
90 4.8 0.089850 0 0 0.000000 20 0.0 0.0
90 4.9 0.095300 0 0 0.000000 20 0.0 0.0
90 5.0 0.089350 0 0 0.000000 20 0.0 0.0
100 3.0 0.090050 0 0 0.000000 20 0.0 0.0
100 3.1 0.088000 0 0 0.000000 20 0.0 0.0
100 3.2 0.091550 0 0 0.000000 20 0.0 0.0
100 3.3 0.091000 0 0 0.000000 20 0.0 0.0
100 3.4 0.087450 0 0 0.000000 20 0.0 0.0
100 3.5 0.092700 0 0 0.000000 20 0.0 0.0
100 3.6 0.088900 0 0 0.000000 20 0.0 0.0
100 3.7 0.091650 0 0 0.000000 20 0.0 0.0
100 3.8 0.086450 0 0 0.000000 20 0.0 0.0
100 3.9 0.088400 0 0 0.000000 20 0.0 0.0
100 4.0 0.085800 0 0 0.000000 20 0.0 0.0
100 4.1 0.092250 0 0 0.000000 20 0.0 0.0
100 4.2 0.088500 0 0 0.000000 20 0.0 0.0
100 4.3 0.089100 0 0 0.000000 20 0.0 0.0
100 4.4 0.092700 0 0 0.000000 20 0.0 0.0
100 4.5 0.094450 0 0 0.000000 20 0.0 0.0
100 4.6 0.091900 0 0 0.000000 20 0.0 0.0
100 4.7 0.097700 0 0 0.000000 20 0.0 0.0
100 4.8 0.091000 0 0 0.000000 20 0.0 0.0
100 4.9 0.087150 0 0 0.000000 20 0.0 0.0
100 5.0 0.090650 0 0 0.000000 20 0.0 0.0
110 3.0 0.085700 0 0 0.000000 20 0.0 0.0
110 3.1 0.087850 0 0 0.000000 20 0.0 0.0
110 3.2 0.100550 0 0 0.000000 20 0.0 0.0
110 3.3 0.086050 0 0 0.000000 20 0.0 0.0
110 3.4 0.086750 0 0 0.000000 20 0.0 0.0
110 3.5 0.089850 0 0 0.000000 20 0.0 0.0
110 3.6 0.094300 0 0 0.000000 20 0.0 0.0
110 3.7 0.089650 0 0 0.000000 20 0.0 0.0
110 3.8 0.088850 0 0 0.000000 20 0.0 0.0
110 3.9 0.091350 0 0 0.000000 20 0.0 0.0
110 4.0 0.088250 0 0 0.000000 20 0.0 0.0
110 4.1 0.085800 0 0 0.000000 20 0.0 0.0
110 4.2 0.091400 0 0 0.000000 20 0.0 0.0
110 4.3 0.088250 0 0 0.000000 20 0.0 0.0
110 4.4 0.089000 0 0 0.000000 20 0.0 0.0
110 4.5 0.091900 0 0 0.000000 20 0.0 0.0
110 4.6 0.092300 0 0 0.000000 20 0.0 0.0
110 4.7 0.090500 0 0 0.000000 20 0.0 0.0
110 4.8 0.088450 0 0 0.000000 20 0.0 0.0
110 4.9 0.092100 0 0 0.000000 20 0.0 0.0
110 5.0 0.097050 0 0 0.000000 20 0.0 0.0
120 3.0 0.092800 0 0 0.000000 20 0.0 0.0
120 3.1 0.093200 0 0 0.000000 20 0.0 0.0
120 3.2 0.088900 0 0 0.000000 20 0.0 0.0
120 3.3 0.085150 0 0 0.000000 20 0.0 0.0
120 3.4 0.090800 0 0 0.000000 20 0.0 0.0
120 3.5 0.090550 0 0 0.000000 20 0.0 0.0
120 3.6 0.090700 0 0 0.000000 20 0.0 0.0
120 3.7 0.091600 0 0 0.000000 20 0.0 0.0
120 3.8 0.091050 0 0 0.000000 20 0.0 0.0
120 3.9 0.089650 0 0 0.000000 20 0.0 0.0
120 4.0 0.097900 0 0 0.000000 20 0.0 0.0
120 4.1 0.096100 0 0 0.000000 20 0.0 0.0
120 4.2 0.097500 0 0 0.000000 20 0.0 0.0
120 4.3 0.091050 0 0 0.000000 20 0.0 0.0
120 4.4 0.086500 0 0 0.000000 20 0.0 0.0
120 4.5 0.099200 0 0 0.000000 20 0.0 0.0
120 4.6 0.091100 0 0 0.000000 20 0.0 0.0
120 4.7 0.088800 0 0 0.000000 20 0.0 0.0
120 4.8 0.089150 0 0 0.000000 20 0.0 0.0
120 4.9 0.093900 0 0 0.000000 20 0.0 0.0
120 5.0 0.093400 0 0 0.000000 20 0.0 0.0
130 3.0 0.087450 0 0 0.000000 20 0.0 0.0
130 3.1 0.092400 0 0 0.000000 20 0.0 0.0
130 3.2 0.084750 0 0 0.000000 20 0.0 0.0
130 3.3 0.088100 0 0 0.000000 20 0.0 0.0
130 3.4 0.090350 0 0 0.000000 20 0.0 0.0
130 3.5 0.094800 0 0 0.000000 20 0.0 0.0
130 3.6 0.090000 0 0 0.000000 20 0.0 0.0
130 3.7 0.087850 0 0 0.000000 20 0.0 0.0
130 3.8 0.092200 0 0 0.000000 20 0.0 0.0
130 3.9 0.089850 0 0 0.000000 20 0.0 0.0
130 4.0 0.094050 0 0 0.000000 20 0.0 0.0
130 4.1 0.090350 0 0 0.000000 20 0.0 0.0
130 4.2 0.098450 0 0 0.000000 20 0.0 0.0
130 4.3 0.094000 0 0 0.000000 20 0.0 0.0
130 4.4 0.090200 0 0 0.000000 20 0.0 0.0
130 4.5 0.092300 0 0 0.000000 20 0.0 0.0
130 4.6 0.096250 0 0 0.000000 20 0.0 0.0
130 4.7 0.086650 0 0 0.000000 20 0.0 0.0
130 4.8 0.101950 0 0 0.000000 20 0.0 0.0
130 4.9 0.091550 0 0 0.000000 20 0.0 0.0
130 5.0 0.093300 0 0 0.000000 20 0.0 0.0
140 3.0 0.086750 0 0 0.000000 20 0.0 0.0
140 3.1 0.090550 0 0 0.000000 20 0.0 0.0
140 3.2 0.094200 0 0 0.000000 20 0.0 0.0
140 3.3 0.094150 0 0 0.000000 20 0.0 0.0
140 3.4 0.091950 0 0 0.000000 20 0.0 0.0
140 3.5 0.093250 0 0 0.000000 20 0.0 0.0
140 3.6 0.091500 0 0 0.000000 20 0.0 0.0
140 3.7 0.092100 0 0 0.000000 20 0.0 0.0
140 3.8 0.087550 0 0 0.000000 20 0.0 0.0
140 3.9 0.093750 0 0 0.000000 20 0.0 0.0
140 4.0 0.092150 0 0 0.000000 20 0.0 0.0
140 4.1 0.093150 0 0 0.000000 20 0.0 0.0
140 4.2 0.103200 0 0 0.000000 20 0.0 0.0
140 4.3 0.092400 0 0 0.000000 20 0.0 0.0
140 4.4 0.100650 0 0 0.000000 20 0.0 0.0
140 4.5 0.094850 0 0 0.000000 20 0.0 0.0
140 4.6 0.098050 0 0 0.000000 20 0.0 0.0
140 4.7 0.093900 0 0 0.000000 20 0.0 0.0
140 4.8 0.096000 0 0 0.000000 20 0.0 0.0
140 4.9 0.096950 0 0 0.000000 20 0.0 0.0
140 5.0 0.102450 0 0 0.000000 20 0.0 0.0
150 3.0 0.091350 0 0 0.000000 20 0.0 0.0
150 3.1 0.089900 0 0 0.000000 20 0.0 0.0
150 3.2 0.092200 0 0 0.000000 20 0.0 0.0
150 3.3 0.091900 0 0 0.000000 20 0.0 0.0
150 3.4 0.085350 0 0 0.000000 20 0.0 0.0
150 3.5 0.095850 0 0 0.000000 20 0.0 0.0
150 3.6 0.096050 0 0 0.000000 20 0.0 0.0
150 3.7 0.092750 0 0 0.000000 20 0.0 0.0
150 3.8 0.096500 0 0 0.000000 20 0.0 0.0
150 3.9 0.095350 0 0 0.000000 20 0.0 0.0
150 4.0 0.101050 0 0 0.000000 20 0.0 0.0
150 4.1 0.091150 0 0 0.000000 20 0.0 0.0
150 4.2 0.095250 0 0 0.000000 20 0.0 0.0
150 4.3 0.096450 0 0 0.000000 20 0.0 0.0
150 4.4 0.098600 0 0 0.000000 20 0.0 0.0
150 4.5 0.096400 0 0 0.000000 20 0.0 0.0
150 4.6 0.093000 0 0 0.000000 20 0.0 0.0
150 4.7 0.094150 0 0 0.000000 20 0.0 0.0
150 4.8 0.097550 0 0 0.000000 20 0.0 0.0
150 4.9 0.098150 0 0 0.000000 20 0.0 0.0
150 5.0 0.093900 0 0 0.000000 20 0.0 0.0
160 3.0 0.089100 0 0 0.000000 20 0.0 0.0
160 3.1 0.086700 0 0 0.000000 20 0.0 0.0
160 3.2 0.090050 0 0 0.000000 20 0.0 0.0
160 3.3 0.091950 0 0 0.000000 20 0.0 0.0
160 3.4 0.089800 0 0 0.000000 20 0.0 0.0
160 3.5 0.096850 0 0 0.000000 20 0.0 0.0
160 3.6 0.092000 0 0 0.000000 20 0.0 0.0
160 3.7 0.093600 0 0 0.000000 20 0.0 0.0
160 3.8 0.090650 0 0 0.000000 20 0.0 0.0
160 3.9 0.100100 0 0 0.000000 20 0.0 0.0
160 4.0 0.102000 0 0 0.000000 20 0.0 0.0
160 4.1 0.090250 0 0 0.000000 20 0.0 0.0
160 4.2 0.097200 0 0 0.000000 20 0.0 0.0
160 4.3 0.097500 0 0 0.000000 20 0.0 0.0
160 4.4 0.096850 0 0 0.000000 20 0.0 0.0
160 4.5 0.102000 0 0 0.000000 20 0.0 0.0
160 4.6 0.101950 0 0 0.000000 20 0.0 0.0
160 4.7 0.100550 0 0 0.000000 20 0.0 0.0
160 4.8 0.103700 0 0 0.000000 20 0.0 0.0
160 4.9 0.097350 0 0 0.000000 20 0.0 0.0
160 5.0 0.099850 0 0 0.000000 20 0.0 0.0
170 3.0 0.090400 0 0 0.000000 20 0.0 0.0
170 3.1 0.088250 0 0 0.000000 20 0.0 0.0
170 3.2 0.094750 0 0 0.000000 20 0.0 0.0
170 3.3 0.092800 0 0 0.000000 20 0.0 0.0
170 3.4 0.095800 0 0 0.000000 20 0.0 0.0
170 3.5 0.091500 0 0 0.000000 20 0.0 0.0
170 3.6 0.091550 0 0 0.000000 20 0.0 0.0
170 3.7 0.094500 0 0 0.000000 20 0.0 0.0
170 3.8 0.095400 0 0 0.000000 20 0.0 0.0
170 3.9 0.099800 0 0 0.000000 20 0.0 0.0
170 4.0 0.090500 0 0 0.000000 20 0.0 0.0
170 4.1 0.094850 0 0 0.000000 20 0.0 0.0
170 4.2 0.102450 0 0 0.000000 20 0.0 0.0
170 4.3 0.098300 0 0 0.000000 20 0.0 0.0
170 4.4 0.105300 0 0 0.000000 20 0.0 0.0
170 4.5 0.096200 0 0 0.000000 20 0.0 0.0
170 4.6 0.097050 0 0 0.000000 20 0.0 0.0
170 4.7 0.096500 0 0 0.000000 20 0.0 0.0
170 4.8 0.105600 0 0 0.000000 20 0.0 0.0
170 4.9 0.100800 0 0 0.000000 20 0.0 0.0
170 5.0 0.104000 0 0 0.000000 20 0.0 0.0
180 3.0 0.094850 0 0 0.000000 20 0.0 0.0
180 3.1 0.094900 0 0 0.000000 20 0.0 0.0
180 3.2 0.092900 0 0 0.000000 20 0.0 0.0
180 3.3 0.092850 0 0 0.000000 20 0.0 0.0
180 3.4 0.094150 0 0 0.000000 20 0.0 0.0
180 3.5 0.090500 0 0 0.000000 20 0.0 0.0
180 3.6 0.096100 0 0 0.000000 20 0.0 0.0
180 3.7 0.093800 0 0 0.000000 20 0.0 0.0
180 3.8 0.098900 0 0 0.000000 20 0.0 0.0
180 3.9 0.099150 0 0 0.000000 20 0.0 0.0
180 4.0 0.098600 0 0 0.000000 20 0.0 0.0
180 4.1 0.102200 0 0 0.000000 20 0.0 0.0
180 4.2 0.096850 0 0 0.000000 20 0.0 0.0
180 4.3 0.105600 0 0 0.000000 20 0.0 0.0
180 4.4 0.099800 0 0 0.000000 20 0.0 0.0
180 4.5 0.097800 0 0 0.000000 20 0.0 0.0
180 4.6 0.103500 0 0 0.000000 20 0.0 0.0
180 4.7 0.101750 0 0 0.000000 20 0.0 0.0
180 4.8 0.105300 0 0 0.000000 20 0.0 0.0
180 4.9 0.110500 0 0 0.000000 20 0.0 0.0
180 5.0 0.107300 0 0 0.000000 20 0.0 0.0
190 3.0 0.096200 0 0 0.000000 20 0.0 0.0
190 3.1 0.098250 0 0 0.000000 20 0.0 0.0
190 3.2 0.094650 0 0 0.000000 20 0.0 0.0
190 3.3 0.098000 0 0 0.000000 20 0.0 0.0
190 3.4 0.098350 0 0 0.000000 20 0.0 0.0
190 3.5 0.095900 0 0 0.000000 20 0.0 0.0
190 3.6 0.103900 0 0 0.000000 20 0.0 0.0
190 3.7 0.101900 0 0 0.000000 20 0.0 0.0
190 3.8 0.100650 0 0 0.000000 20 0.0 0.0
190 3.9 0.098450 0 0 0.000000 20 0.0 0.0
190 4.0 0.103300 0 0 0.000000 20 0.0 0.0
190 4.1 0.117100 0 0 0.000000 20 0.0 0.0
190 4.2 0.106150 0 0 0.000000 20 0.0 0.0
190 4.3 0.097650 0 0 0.000000 20 0.0 0.0
190 4.4 0.105400 0 0 0.000000 20 0.0 0.0
190 4.5 0.106250 0 0 0.000000 20 0.0 0.0
190 4.6 0.110050 0 0 0.000000 20 0.0 0.0
190 4.7 0.108300 0 0 0.000000 20 0.0 0.0
190 4.8 0.112700 0 0 0.000000 20 0.0 0.0
190 4.9 0.115200 0 0 0.000000 20 0.0 0.0
190 5.0 0.116300 0 0 0.000000 20 0.0 0.0
200 3.0 0.102600 0 0 0.000000 20 0.0 0.0
200 3.1 0.115250 0 0 0.000000 20 0.0 0.0
200 3.2 0.111950 0 0 0.000000 20 0.0 0.0
200 3.3 0.112950 0 0 0.000000 20 0.0 0.0
200 3.4 0.096750 0 0 0.000000 20 0.0 0.0
200 3.5 0.107500 0 0 0.000000 20 0.0 0.0
200 3.6 0.115050 0 0 0.000000 20 0.0 0.0
200 3.7 0.114000 0 0 0.000000 20 0.0 0.0
200 3.8 0.114250 0 0 0.000000 20 0.0 0.0
200 3.9 0.114450 0 0 0.000000 20 0.0 0.0
200 4.0 0.119650 0 0 0.000000 20 0.0 0.0
200 4.1 0.113700 0 0 0.000000 20 0.0 0.0
200 4.2 0.130100 0 0 0.000000 20 0.0 0.0
200 4.3 0.117700 0 0 0.000000 20 0.0 0.0
200 4.4 0.114500 0 0 0.000000 20 0.0 0.0
200 4.5 0.119850 0 0 0.000000 20 0.0 0.0
200 4.6 0.114000 0 0 0.000000 20 0.0 0.0
200 4.7 0.109300 0 0 0.000000 20 0.0 0.0
200 4.8 0.121400 0 0 0.000000 20 0.0 0.0
200 4.9 0.120200 0 0 0.000000 20 0.0 0.0
200 5.0 0.121400 0 0 0.000000 20 0.0 0.0
