50 3.0 0.079500 0 0 0.000000 20 0.0 0.0
50 3.1 0.083350 0 0 0.000000 20 0.0 0.0
50 3.2 0.081600 0 0 0.000000 20 0.0 0.0
50 3.3 0.079600 0 0 0.000000 20 0.0 0.0
50 3.4 0.088200 0 0 0.000000 20 0.0 0.0
50 3.5 0.081950 0 0 0.000000 20 0.0 0.0
50 3.6 0.078200 0 0 0.000000 20 0.0 0.0
50 3.7 0.084900 0 0 0.000000 20 0.0 0.0
50 3.8 0.083450 0 0 0.000000 20 0.0 0.0
50 3.9 0.085350 0 0 0.000000 20 0.0 0.0
50 4.0 0.086800 0 0 0.000000 20 0.0 0.0
50 4.1 0.081750 0 0 0.000000 20 0.0 0.0
50 4.2 0.086900 0 0 0.000000 20 0.0 0.0
50 4.3 0.085600 0 0 0.000000 20 0.0 0.0
50 4.4 0.083450 0 0 0.000000 20 0.0 0.0
50 4.5 0.081150 0 0 0.000000 20 0.0 0.0
50 4.6 0.084200 0 0 0.150000 19 4.0 10.0
50 4.7 0.086500 0 0 0.000000 20 0.0 0.0
50 4.8 0.089150 0 0 0.000000 20 0.0 0.0
50 4.9 0.086150 0 0 0.000000 20 0.0 0.0
50 5.0 0.090600 0 0 0.000000 20 0.0 0.0
60 3.0 0.086600 0 0 0.000000 20 0.0 0.0
60 3.1 0.088800 0 0 0.000000 20 0.0 0.0
60 3.2 0.083700 0 0 0.000000 20 0.0 0.0
60 3.3 0.083100 0 0 0.050000 19 1.0 3.0
60 3.4 0.081900 0 0 0.000000 20 0.0 0.0
60 3.5 0.082800 0 0 0.000000 20 0.0 0.0
60 3.6 0.080300 0 0 0.000000 20 0.0 0.0
60 3.7 0.083350 0 0 0.000000 20 0.0 0.0
60 3.8 0.081750 0 0 0.000000 20 0.0 0.0
60 3.9 0.084950 0 0 0.000000 20 0.0 0.0
60 4.0 0.080950 0 0 0.000000 20 0.0 0.0
60 4.1 0.088250 0 0 0.000000 20 0.0 0.0
60 4.2 0.085800 0 0 0.000000 20 0.0 0.0
60 4.3 0.090200 0 0 0.000000 20 0.0 0.0
60 4.4 0.083750 0 0 0.000000 20 0.0 0.0
60 4.5 0.090250 0 0 0.050000 20 1.0 2.0
60 4.6 0.085750 0 0 0.000000 20 0.0 0.0
60 4.7 0.087850 0 0 0.000000 20 0.0 0.0
60 4.8 0.094650 0 0 0.000000 20 0.0 0.0
60 4.9 0.086150 0 0 0.000000 20 0.0 0.0
60 5.0 0.086950 0 0 0.000000 20 0.0 0.0
70 3.0 0.082450 0 0 0.000000 20 0.0 0.0
70 3.1 0.086700 0 0 0.000000 20 0.0 0.0
70 3.2 0.089850 0 0 0.000000 20 0.0 0.0
70 3.3 0.088700 0 0 0.000000 20 0.0 0.0
70 3.4 0.084800 0 0 0.000000 20 0.0 0.0
70 3.5 0.084700 0 0 0.000000 20 0.0 0.0
70 3.6 0.083600 0 0 0.000000 20 0.0 0.0
70 3.7 0.086050 0 0 0.000000 20 0.0 0.0
70 3.8 0.083450 0 0 0.000000 20 0.0 0.0
70 3.9 0.084850 0 0 0.000000 20 0.0 0.0
70 4.0 0.085850 0 0 0.000000 20 0.0 0.0
70 4.1 0.090950 0 0 0.000000 20 0.0 0.0
70 4.2 0.084850 0 0 0.000000 20 0.0 0.0
70 4.3 0.085650 0 0 0.000000 20 0.0 0.0
70 4.4 0.090250 0 0 0.000000 20 0.0 0.0
70 4.5 0.089550 0 0 0.000000 20 0.0 0.0
70 4.6 0.094400 0 0 0.000000 20 0.0 0.0
70 4.7 0.088450 0 0 0.000000 20 0.0 0.0
70 4.8 0.088450 0 0 0.000000 20 0.0 0.0
70 4.9 0.087700 0 0 0.000000 20 0.0 0.0
70 5.0 0.089250 0 0 0.000000 20 0.0 0.0
80 3.0 0.084650 0 0 0.000000 20 0.0 0.0
80 3.1 0.087800 0 0 0.000000 20 0.0 0.0
80 3.2 0.078300 0 0 0.000000 20 0.0 0.0
80 3.3 0.087900 0 0 0.000000 20 0.0 0.0
80 3.4 0.087150 0 0 0.000000 20 0.0 0.0
80 3.5 0.087500 0 0 0.000000 20 0.0 0.0
80 3.6 0.087800 0 0 0.000000 20 0.0 0.0
80 3.7 0.087350 0 0 0.000000 20 0.0 0.0
80 3.8 0.082300 0 0 0.000000 20 0.0 0.0
80 3.9 0.083050 0 0 0.000000 20 0.0 0.0
80 4.0 0.087400 0 0 0.000000 20 0.0 0.0
80 4.1 0.090600 0 0 0.000000 20 0.0 0.0
80 4.2 0.088700 0 0 0.000000 20 0.0 0.0
80 4.3 0.086050 0 0 0.000000 20 0.0 0.0
80 4.4 0.092750 0 0 0.000000 20 0.0 0.0
80 4.5 0.088650 0 0 0.000000 20 0.0 0.0
80 4.6 0.087950 0 0 0.000000 20 0.0 0.0
80 4.7 0.087600 0 0 0.000000 20 0.0 0.0
80 4.8 0.093200 0 0 0.000000 20 0.0 0.0
80 4.9 0.092700 0 0 0.000000 20 0.0 0.0
80 5.0 0.091300 0 0 0.000000 20 0.0 0.0
90 3.0 0.084250 0 0 0.000000 20 0.0 0.0
90 3.1 0.083750 0 0 0.000000 20 0.0 0.0
90 3.2 0.093950 0 0 0.000000 20 0.0 0.0
90 3.3 0.081550 0 0 0.000000 20 0.0 0.0
90 3.4 0.094350 0 0 0.000000 20 0.0 0.0
90 3.5 0.087200 0 0 0.000000 20 0.0 0.0
90 3.6 0.087600 0 0 0.000000 20 0.0 0.0
90 3.7 0.087350 0 0 0.000000 20 0.0 0.0
90 3.8 0.090200 0 0 0.000000 20 0.0 0.0
90 3.9 0.085300 0 0 0.000000 20 0.0 0.0
90 4.0 0.088850 0 0 0.000000 20 0.0 0.0
90 4.1 0.088250 0 0 0.000000 20 0.0 0.0
90 4.2 0.099050 0 0 0.000000 20 0.0 0.0
90 4.3 0.087750 0 0 0.000000 20 0.0 0.0
90 4.4 0.089800 0 0 0.000000 20 0.0 0.0
90 4.5 0.093650 0 0 0.000000 20 0.0 0.0
90 4.6 0.088850 0 0 0.000000 20 0.0 0.0
90 4.7 0.093250 0 0 0.000000 20 0.0 0.0
90 4.8 0.095050 0 0 0.000000 20 0.0 0.0
90 4.9 0.090250 0 0 0.000000 20 0.0 0.0
90 5.0 0.096550 0 0 0.000000 20 0.0 0.0
100 3.0 0.086800 0 0 0.000000 20 0.0 0.0
100 3.1 0.094100 0 0 0.000000 20 0.0 0.0
100 3.2 0.085650 0 0 0.000000 20 0.0 0.0
100 3.3 0.086900 0 0 0.000000 20 0.0 0.0
100 3.4 0.088850 0 0 0.000000 20 0.0 0.0
100 3.5 0.084050 0 0 0.000000 20 0.0 0.0
100 3.6 0.087050 0 0 0.000000 20 0.0 0.0
100 3.7 0.089950 0 0 0.000000 20 0.0 0.0
100 3.8 0.086050 0 0 0.000000 20 0.0 0.0
100 3.9 0.089050 0 0 0.000000 20 0.0 0.0
100 4.0 0.090800 0 0 0.000000 20 0.0 0.0
100 4.1 0.089700 0 0 0.000000 20 0.0 0.0
100 4.2 0.092200 0 0 0.000000 20 0.0 0.0
100 4.3 0.086400 0 0 0.000000 20 0.0 0.0
100 4.4 0.092200 0 0 0.000000 20 0.0 0.0
100 4.5 0.091100 0 0 0.000000 20 0.0 0.0
100 4.6 0.092000 0 0 0.000000 20 0.0 0.0
100 4.7 0.104450 0 0 0.000000 20 0.0 0.0
100 4.8 0.098650 0 0 0.000000 20 0.0 0.0
100 4.9 0.091850 0 0 0.050000 20 1.0 2.0
100 5.0 0.094050 0 0 0.000000 20 0.0 0.0
110 3.0 0.092900 0 0 0.000000 20 0.0 0.0
110 3.1 0.092050 0 0 0.000000 20 0.0 0.0
110 3.2 0.091500 0 0 0.000000 20 0.0 0.0
110 3.3 0.089600 0 0 0.000000 20 0.0 0.0
110 3.4 0.095050 0 0 0.000000 20 0.0 0.0
110 3.5 0.093700 0 0 0.000000 20 0.0 0.0
110 3.6 0.094600 0 0 0.000000 20 0.0 0.0
110 3.7 0.093500 0 0 0.000000 20 0.0 0.0
110 3.8 0.092600 0 0 0.000000 20 0.0 0.0
110 3.9 0.089000 0 0 0.000000 20 0.0 0.0
110 4.0 0.092250 0 0 0.000000 20 0.0 0.0
110 4.1 0.089900 0 0 0.000000 20 0.0 0.0
110 4.2 0.091850 0 0 0.000000 20 0.0 0.0
110 4.3 0.094300 0 0 0.000000 20 0.0 0.0
110 4.4 0.096600 0 0 0.000000 20 0.0 0.0
110 4.5 0.093800 0 0 0.000000 20 0.0 0.0
110 4.6 0.094700 0 0 0.000000 20 0.0 0.0
110 4.7 0.094650 0 0 0.000000 20 0.0 0.0
110 4.8 0.089100 0 0 0.000000 20 0.0 0.0
110 4.9 0.095750 0 0 0.000000 20 0.0 0.0
110 5.0 0.095300 0 0 0.000000 20 0.0 0.0
120 3.0 0.086550 0 0 0.000000 20 0.0 0.0
120 3.1 0.087450 0 0 0.000000 20 0.0 0.0
120 3.2 0.088650 0 0 0.000000 20 0.0 0.0
120 3.3 0.088950 0 0 0.000000 20 0.0 0.0
120 3.4 0.097500 0 0 0.000000 20 0.0 0.0
120 3.5 0.088900 0 0 0.000000 20 0.0 0.0
120 3.6 0.093400 0 0 0.000000 20 0.0 0.0
120 3.7 0.094350 0 0 0.000000 20 0.0 0.0
120 3.8 0.089050 0 0 0.000000 20 0.0 0.0
120 3.9 0.087850 0 0 0.000000 20 0.0 0.0
120 4.0 0.095500 0 0 0.000000 20 0.0 0.0
120 4.1 0.093350 0 0 0.000000 20 0.0 0.0
120 4.2 0.092450 0 0 0.000000 20 0.0 0.0
120 4.3 0.095750 0 0 0.000000 20 0.0 0.0
120 4.4 0.102100 0 0 0.000000 20 0.0 0.0
120 4.5 0.097650 0 0 0.000000 20 0.0 0.0
120 4.6 0.092450 0 0 0.000000 20 0.0 0.0
120 4.7 0.093150 0 0 0.000000 20 0.0 0.0
120 4.8 0.093850 0 0 0.000000 20 0.0 0.0
120 4.9 0.102950 0 0 0.000000 20 0.0 0.0
120 5.0 0.105650 0 0 0.000000 20 0.0 0.0
130 3.0 0.088800 0 0 0.000000 20 0.0 0.0
130 3.1 0.093450 0 0 0.000000 20 0.0 0.0
130 3.2 0.092700 0 0 0.000000 20 0.0 0.0
130 3.3 0.092400 0 0 0.000000 20 0.0 0.0
130 3.4 0.094200 0 0 0.000000 20 0.0 0.0
130 3.5 0.093350 0 0 0.000000 20 0.0 0.0
130 3.6 0.099000 0 0 0.000000 20 0.0 0.0
130 3.7 0.103400 0 0 0.000000 20 0.0 0.0
130 3.8 0.098550 0 0 0.000000 20 0.0 0.0
130 3.9 0.094550 0 0 0.000000 20 0.0 0.0
130 4.0 0.094850 0 0 0.000000 20 0.0 0.0
130 4.1 0.098600 0 0 0.000000 20 0.0 0.0
130 4.2 0.102600 0 0 0.000000 20 0.0 0.0
130 4.3 0.100150 0 0 0.000000 20 0.0 0.0
130 4.4 0.102350 0 0 0.000000 20 0.0 0.0
130 4.5 0.101050 0 0 0.050000 20 1.0 2.0
130 4.6 0.100800 0 0 0.000000 20 0.0 0.0
130 4.7 0.100950 0 0 0.000000 20 0.0 0.0
130 4.8 0.095550 0 0 0.000000 20 0.0 0.0
130 4.9 0.101850 0 0 0.000000 20 0.0 0.0
130 5.0 0.103200 0 0 0.000000 20 0.0 0.0
140 3.0 0.090850 0 0 0.000000 20 0.0 0.0
140 3.1 0.094700 0 0 0.000000 20 0.0 0.0
140 3.2 0.093500 0 0 0.000000 20 0.0 0.0
140 3.3 0.089100 0 0 0.000000 20 0.0 0.0
140 3.4 0.089850 0 0 0.000000 20 0.0 0.0
140 3.5 0.093350 0 0 0.000000 20 0.0 0.0
140 3.6 0.094450 0 0 0.000000 20 0.0 0.0
140 3.7 0.093050 0 0 0.000000 20 0.0 0.0
140 3.8 0.093450 0 0 0.000000 20 0.0 0.0
140 3.9 0.101650 0 0 0.000000 20 0.0 0.0
140 4.0 0.097300 0 0 0.000000 20 0.0 0.0
140 4.1 0.096950 0 0 0.000000 20 0.0 0.0
140 4.2 0.098750 0 0 0.000000 20 0.0 0.0
140 4.3 0.099200 0 0 0.000000 20 0.0 0.0
140 4.4 0.102500 0 0 0.000000 20 0.0 0.0
140 4.5 0.096600 0 0 0.000000 20 0.0 0.0
140 4.6 0.096550 0 0 0.000000 20 0.0 0.0
140 4.7 0.101200 0 0 0.000000 20 0.0 0.0
140 4.8 0.106350 0 0 0.000000 20 0.0 0.0
140 4.9 0.105950 0 0 0.000000 20 0.0 0.0
140 5.0 0.104100 0 0 0.000000 20 0.0 0.0
150 3.0 0.090550 0 0 0.000000 20 0.0 0.0
150 3.1 0.092100 0 0 0.000000 20 0.0 0.0
150 3.2 0.089600 0 0 0.000000 20 0.0 0.0
150 3.3 0.098900 0 0 0.000000 20 0.0 0.0
150 3.4 0.093900 0 0 0.000000 20 0.0 0.0
150 3.5 0.087800 0 0 0.000000 20 0.0 0.0
150 3.6 0.098250 0 0 0.000000 20 0.0 0.0
150 3.7 0.094050 0 0 0.000000 20 0.0 0.0
150 3.8 0.100800 0 0 0.000000 20 0.0 0.0
150 3.9 0.098600 0 0 0.000000 20 0.0 0.0
150 4.0 0.094850 0 0 0.000000 20 0.0 0.0
150 4.1 0.097450 0 0 0.000000 20 0.0 0.0
150 4.2 0.096850 0 0 0.000000 20 0.0 0.0
150 4.3 0.098100 0 0 0.000000 20 0.0 0.0
150 4.4 0.097400 0 0 0.000000 20 0.0 0.0
150 4.5 0.107450 0 0 0.000000 20 0.0 0.0
150 4.6 0.106250 0 0 0.000000 20 0.0 0.0
150 4.7 0.099650 0 0 0.000000 20 0.0 0.0
150 4.8 0.103400 0 0 0.000000 20 0.0 0.0
150 4.9 0.108250 0 0 0.000000 20 0.0 0.0
150 5.0 0.102700 0 0 0.000000 20 0.0 0.0
160 3.0 0.092950 0 0 0.000000 20 0.0 0.0
160 3.1 0.101400 0 0 0.000000 20 0.0 0.0
160 3.2 0.097100 0 0 0.000000 20 0.0 0.0
160 3.3 0.095800 0 0 0.000000 20 0.0 0.0
160 3.4 0.094600 0 0 0.000000 20 0.0 0.0
160 3.5 0.096350 0 0 0.000000 20 0.0 0.0
160 3.6 0.098650 0 0 0.000000 20 0.0 0.0
160 3.7 0.100300 0 0 0.000000 20 0.0 0.0
160 3.8 0.102750 0 0 0.000000 20 0.0 0.0
160 3.9 0.094050 0 0 0.000000 20 0.0 0.0
160 4.0 0.105050 0 0 0.000000 20 0.0 0.0
160 4.1 0.102500 0 0 0.000000 20 0.0 0.0
160 4.2 0.099350 0 0 0.000000 20 0.0 0.0
160 4.3 0.110600 0 0 0.000000 20 0.0 0.0
160 4.4 0.106300 0 0 0.000000 20 0.0 0.0
160 4.5 0.108850 0 0 0.000000 20 0.0 0.0
160 4.6 0.106600 0 0 0.000000 20 0.0 0.0
160 4.7 0.101800 0 0 0.000000 20 0.0 0.0
160 4.8 0.106150 0 0 0.000000 20 0.0 0.0
160 4.9 0.108350 0 0 0.000000 20 0.0 0.0
160 5.0 0.114050 0 0 0.000000 20 0.0 0.0
170 3.0 0.093950 0 0 0.000000 20 0.0 0.0
170 3.1 0.094200 0 0 0.000000 20 0.0 0.0
170 3.2 0.101000 0 0 0.000000 20 0.0 0.0
170 3.3 0.094600 0 0 0.000000 20 0.0 0.0
170 3.4 0.097300 0 0 0.000000 20 0.0 0.0
170 3.5 0.094000 0 0 0.000000 20 0.0 0.0
170 3.6 0.094100 0 0 0.000000 20 0.0 0.0
170 3.7 0.100500 0 0 0.000000 20 0.0 0.0
170 3.8 0.106300 0 0 0.000000 20 0.0 0.0
170 3.9 0.095600 0 0 0.000000 20 0.0 0.0
170 4.0 0.099950 0 0 0.000000 20 0.0 0.0
170 4.1 0.106150 0 0 0.000000 20 0.0 0.0
170 4.2 0.103100 0 0 0.000000 20 0.0 0.0
170 4.3 0.106100 0 0 0.000000 20 0.0 0.0
170 4.4 0.096500 0 0 0.000000 20 0.0 0.0
170 4.5 0.107650 0 0 0.000000 20 0.0 0.0
170 4.6 0.112200 0 0 0.000000 20 0.0 0.0
170 4.7 0.104900 0 0 0.000000 20 0.0 0.0
170 4.8 0.106050 0 0 0.000000 20 0.0 0.0
170 4.9 0.101450 0 0 0.000000 20 0.0 0.0
170 5.0 0.108400 0 0 0.000000 20 0.0 0.0
180 3.0 0.103250 0 0 0.000000 20 0.0 0.0
180 3.1 0.093800 0 0 0.000000 20 0.0 0.0
180 3.2 0.099350 0 0 0.000000 20 0.0 0.0
180 3.3 0.098300 0 0 0.000000 20 0.0 0.0
180 3.4 0.095600 0 0 0.000000 20 0.0 0.0
180 3.5 0.100650 0 0 0.000000 20 0.0 0.0
180 3.6 0.098950 0 0 0.000000 20 0.0 0.0
180 3.7 0.103550 0 0 0.000000 20 0.0 0.0
180 3.8 0.103150 0 0 0.000000 20 0.0 0.0
180 3.9 0.107500 0 0 0.000000 20 0.0 0.0
180 4.0 0.104450 0 0 0.000000 20 0.0 0.0
180 4.1 0.098600 0 0 0.000000 20 0.0 0.0
180 4.2 0.110000 0 0 0.000000 20 0.0 0.0
180 4.3 0.112400 0 0 0.000000 20 0.0 0.0
180 4.4 0.106800 0 0 0.000000 20 0.0 0.0
180 4.5 0.105450 0 0 0.000000 20 0.0 0.0
180 4.6 0.110000 0 0 0.000000 20 0.0 0.0
180 4.7 0.105150 0 0 0.000000 20 0.0 0.0
180 4.8 0.111550 0 0 0.000000 20 0.0 0.0
180 4.9 0.112700 0 0 0.000000 20 0.0 0.0
180 5.0 0.107500 0 0 0.000000 20 0.0 0.0
190 3.0 0.097350 0 0 0.000000 20 0.0 0.0
190 3.1 0.101200 0 0 0.000000 20 0.0 0.0
190 3.2 0.096850 0 0 0.000000 20 0.0 0.0
190 3.3 0.103550 0 0 0.000000 20 0.0 0.0
190 3.4 0.101950 0 0 0.000000 20 0.0 0.0
190 3.5 0.097500 0 0 0.000000 20 0.0 0.0
190 3.6 0.105450 0 0 0.000000 20 0.0 0.0
190 3.7 0.105600 0 0 0.000000 20 0.0 0.0
190 3.8 0.101800 0 0 0.000000 20 0.0 0.0
190 3.9 0.100200 0 0 0.000000 20 0.0 0.0
190 4.0 0.100550 0 0 0.000000 20 0.0 0.0
190 4.1 0.106300 0 0 0.000000 20 0.0 0.0
190 4.2 0.112300 0 0 0.000000 20 0.0 0.0
190 4.3 0.113800 0 0 0.000000 20 0.0 0.0
190 4.4 0.110000 0 0 0.000000 20 0.0 0.0
190 4.5 0.106350 0 0 0.000000 20 0.0 0.0
190 4.6 0.109300 0 0 0.000000 20 0.0 0.0
190 4.7 0.106100 0 0 0.000000 20 0.0 0.0
190 4.8 0.109050 0 0 0.000000 20 0.0 0.0
190 4.9 0.112900 0 0 0.000000 20 0.0 0.0
190 5.0 0.121450 0 0 0.000000 20 0.0 0.0
200 3.0 0.101000 0 0 0.000000 20 0.0 0.0
200 3.1 0.102200 0 0 0.000000 20 0.0 0.0
200 3.2 0.099150 0 0 0.000000 20 0.0 0.0
200 3.3 0.102850 0 0 0.000000 20 0.0 0.0
200 3.4 0.104400 0 0 0.000000 20 0.0 0.0
200 3.5 0.104650 0 0 0.000000 20 0.0 0.0
200 3.6 0.097150 0 0 0.000000 20 0.0 0.0
200 3.7 0.109700 0 0 0.000000 20 0.0 0.0
200 3.8 0.109350 0 0 0.000000 20 0.0 0.0
200 3.9 0.105000 0 0 0.000000 20 0.0 0.0
200 4.0 0.111200 0 0 0.000000 20 0.0 0.0
200 4.1 0.108100 0 0 0.000000 20 0.0 0.0
200 4.2 0.105300 0 0 0.000000 20 0.0 0.0
200 4.3 0.114700 0 0 0.000000 20 0.0 0.0
200 4.4 0.115350 0 0 0.000000 20 0.0 0.0
200 4.5 0.114950 0 0 0.000000 20 0.0 0.0
200 4.6 0.116600 0 0 0.000000 20 0.0 0.0
200 4.7 0.117750 0 0 0.000000 20 0.0 0.0
200 4.8 0.107750 0 0 0.000000 20 0.0 0.0
200 4.9 0.114850 0 0 0.000000 20 0.0 0.0
200 5.0 0.114700 0 0 0.000000 20 0.0 0.0
