50 3.0 0.080400 0 0 0.000000 20 0.0 0.0
50 3.1 0.080900 0 0 0.000000 20 0.0 0.0
50 3.2 0.079350 0 0 0.000000 20 0.0 0.0
50 3.3 0.088150 0 0 0.000000 20 0.0 0.0
50 3.4 0.080050 0 0 0.000000 20 0.0 0.0
50 3.5 0.082050 0 0 0.000000 20 0.0 0.0
50 3.6 0.080650 0 0 0.000000 20 0.0 0.0
50 3.7 0.082500 0 0 0.000000 20 0.0 0.0
50 3.8 0.086850 0 0 0.000000 20 0.0 0.0
50 3.9 0.081350 0 0 0.000000 20 0.0 0.0
50 4.0 0.082150 0 0 0.000000 20 0.0 0.0
50 4.1 0.078000 0 0 0.000000 20 0.0 0.0
50 4.2 0.079000 0 0 0.000000 20 0.0 0.0
50 4.3 0.080300 0 0 0.000000 20 0.0 0.0
50 4.4 0.080250 0 0 0.000000 20 0.0 0.0
50 4.5 0.076500 0 0 0.000000 20 0.0 0.0
50 4.6 0.082900 0 0 0.000000 20 0.0 0.0
50 4.7 0.078700 0 0 0.000000 20 0.0 0.0
50 4.8 0.079350 0 0 0.000000 20 0.0 0.0
50 4.9 0.081950 0 0 0.000000 20 0.0 0.0
50 5.0 0.086650 0 0 0.000000 20 0.0 0.0
60 3.0 0.088000 0 0 0.000000 20 0.0 0.0
60 3.1 0.078400 0 0 0.000000 20 0.0 0.0
60 3.2 0.078950 0 0 0.000000 20 0.0 0.0
60 3.3 0.090850 0 0 0.000000 20 0.0 0.0
60 3.4 0.081550 0 0 0.000000 20 0.0 0.0
60 3.5 0.079350 0 0 0.000000 20 0.0 0.0
60 3.6 0.088750 0 0 0.000000 20 0.0 0.0
60 3.7 0.078000 0 0 0.000000 20 0.0 0.0
60 3.8 0.086950 0 0 0.000000 20 0.0 0.0
60 3.9 0.083150 0 0 0.000000 20 0.0 0.0
60 4.0 0.086100 0 0 0.000000 20 0.0 0.0
60 4.1 0.090000 0 0 0.000000 20 0.0 0.0
60 4.2 0.080750 0 0 0.000000 20 0.0 0.0
60 4.3 0.080650 0 0 0.000000 20 0.0 0.0
60 4.4 0.083100 0 0 0.000000 20 0.0 0.0
60 4.5 0.079450 0 0 0.000000 20 0.0 0.0
60 4.6 0.083150 0 0 0.000000 20 0.0 0.0
60 4.7 0.085350 0 0 0.000000 20 0.0 0.0
60 4.8 0.083550 0 0 0.000000 20 0.0 0.0
60 4.9 0.083950 0 0 0.000000 20 0.0 0.0
60 5.0 0.089250 0 0 0.000000 20 0.0 0.0
70 3.0 0.082050 0 0 0.000000 20 0.0 0.0
70 3.1 0.081600 0 0 0.000000 20 0.0 0.0
70 3.2 0.083400 0 0 0.000000 20 0.0 0.0
70 3.3 0.079900 0 0 0.000000 20 0.0 0.0
70 3.4 0.084100 0 0 0.000000 20 0.0 0.0
70 3.5 0.083250 0 0 0.000000 20 0.0 0.0
70 3.6 0.082450 0 0 0.000000 20 0.0 0.0
70 3.7 0.079700 0 0 0.000000 20 0.0 0.0
70 3.8 0.080800 0 0 0.000000 20 0.0 0.0
70 3.9 0.080250 0 0 0.000000 20 0.0 0.0
70 4.0 0.087800 0 0 0.000000 20 0.0 0.0
70 4.1 0.080100 0 0 0.000000 20 0.0 0.0
70 4.2 0.084300 0 0 0.000000 20 0.0 0.0
70 4.3 0.082600 0 0 0.000000 20 0.0 0.0
70 4.4 0.087300 0 0 0.000000 20 0.0 0.0
70 4.5 0.089450 0 0 0.000000 20 0.0 0.0
70 4.6 0.086850 0 0 0.000000 20 0.0 0.0
70 4.7 0.085650 0 0 0.000000 20 0.0 0.0
70 4.8 0.082350 0 0 0.000000 20 0.0 0.0
70 4.9 0.081800 0 0 0.000000 20 0.0 0.0
70 5.0 0.086550 0 0 0.000000 20 0.0 0.0
80 3.0 0.086400 0 0 0.000000 20 0.0 0.0
80 3.1 0.080700 0 0 0.000000 20 0.0 0.0
80 3.2 0.080100 0 0 0.000000 20 0.0 0.0
80 3.3 0.084600 0 0 0.000000 20 0.0 0.0
80 3.4 0.083450 0 0 0.000000 20 0.0 0.0
80 3.5 0.085050 0 0 0.000000 20 0.0 0.0
80 3.6 0.084600 0 0 0.000000 20 0.0 0.0
80 3.7 0.085500 0 0 0.000000 20 0.0 0.0
80 3.8 0.083400 0 0 0.000000 20 0.0 0.0
80 3.9 0.081150 0 0 0.000000 20 0.0 0.0
80 4.0 0.083450 0 0 0.000000 20 0.0 0.0
80 4.1 0.088250 0 0 0.000000 20 0.0 0.0
80 4.2 0.092850 0 0 0.000000 20 0.0 0.0
80 4.3 0.081800 0 0 0.000000 20 0.0 0.0
80 4.4 0.085200 0 0 0.000000 20 0.0 0.0
80 4.5 0.086300 0 0 0.000000 20 0.0 0.0
80 4.6 0.084250 0 0 0.000000 20 0.0 0.0
80 4.7 0.087050 0 0 0.000000 20 0.0 0.0
80 4.8 0.088750 0 0 0.000000 20 0.0 0.0
80 4.9 0.085950 0 0 0.000000 20 0.0 0.0
80 5.0 0.090100 0 0 0.000000 20 0.0 0.0
90 3.0 0.082250 0 0 0.000000 20 0.0 0.0
90 3.1 0.084200 0 0 0.000000 20 0.0 0.0
90 3.2 0.090450 0 0 0.000000 20 0.0 0.0
90 3.3 0.087550 0 0 0.000000 20 0.0 0.0
90 3.4 0.089000 0 0 0.000000 20 0.0 0.0
90 3.5 0.081900 0 0 0.000000 20 0.0 0.0
90 3.6 0.081750 0 0 0.000000 20 0.0 0.0
90 3.7 0.082950 0 0 0.000000 20 0.0 0.0
90 3.8 0.090750 0 0 0.000000 20 0.0 0.0
90 3.9 0.088600 0 0 0.000000 20 0.0 0.0
90 4.0 0.087250 0 0 0.000000 20 0.0 0.0
90 4.1 0.085200 0 0 0.000000 20 0.0 0.0
90 4.2 0.084200 0 0 0.000000 20 0.0 0.0
90 4.3 0.084100 0 0 0.000000 20 0.0 0.0
90 4.4 0.083850 0 0 0.000000 20 0.0 0.0
90 4.5 0.086950 0 0 0.000000 20 0.0 0.0
90 4.6 0.093950 0 0 0.000000 20 0.0 0.0
90 4.7 0.085750 0 0 0.000000 20 0.0 0.0
90 4.8 0.087650 0 0 0.000000 20 0.0 0.0
90 4.9 0.086250 0 0 0.000000 20 0.0 0.0
90 5.0 0.092800 0 0 0.000000 20 0.0 0.0
100 3.0 0.083400 0 0 0.000000 20 0.0 0.0
100 3.1 0.087050 0 0 0.000000 20 0.0 0.0
100 3.2 0.084850 0 0 0.000000 20 0.0 0.0
100 3.3 0.081000 0 0 0.000000 20 0.0 0.0
100 3.4 0.082050 0 0 0.000000 20 0.0 0.0
100 3.5 0.089700 0 0 0.000000 20 0.0 0.0
100 3.6 0.083850 0 0 0.000000 20 0.0 0.0
100 3.7 0.083600 0 0 0.000000 20 0.0 0.0
100 3.8 0.089400 0 0 0.000000 20 0.0 0.0
100 3.9 0.086750 0 0 0.000000 20 0.0 0.0
100 4.0 0.087700 0 0 0.000000 20 0.0 0.0
100 4.1 0.088850 0 0 0.000000 20 0.0 0.0
100 4.2 0.092050 0 0 0.000000 20 0.0 0.0
100 4.3 0.089650 0 0 0.000000 20 0.0 0.0
100 4.4 0.090450 0 0 0.000000 20 0.0 0.0
100 4.5 0.093600 0 0 0.000000 20 0.0 0.0
100 4.6 0.086100 0 0 0.000000 20 0.0 0.0
100 4.7 0.085950 0 0 0.000000 20 0.0 0.0
100 4.8 0.087800 0 0 0.000000 20 0.0 0.0
100 4.9 0.088900 0 0 0.000000 20 0.0 0.0
100 5.0 0.096850 0 0 0.000000 20 0.0 0.0
110 3.0 0.086100 0 0 0.000000 20 0.0 0.0
110 3.1 0.082850 0 0 0.000000 20 0.0 0.0
110 3.2 0.081950 0 0 0.000000 20 0.0 0.0
110 3.3 0.083650 0 0 0.000000 20 0.0 0.0
110 3.4 0.090400 0 0 0.000000 20 0.0 0.0
110 3.5 0.085700 0 0 0.000000 20 0.0 0.0
110 3.6 0.092150 0 0 0.000000 20 0.0 0.0
110 3.7 0.088300 0 0 0.000000 20 0.0 0.0
110 3.8 0.085850 0 0 0.000000 20 0.0 0.0
110 3.9 0.087300 0 0 0.000000 20 0.0 0.0
110 4.0 0.087550 0 0 0.000000 20 0.0 0.0
110 4.1 0.087050 0 0 0.000000 20 0.0 0.0
110 4.2 0.089850 0 0 0.000000 20 0.0 0.0
110 4.3 0.088700 0 0 0.000000 20 0.0 0.0
110 4.4 0.091000 0 0 0.000000 20 0.0 0.0
110 4.5 0.092950 0 0 0.000000 20 0.0 0.0
110 4.6 0.090200 0 0 0.000000 20 0.0 0.0
110 4.7 0.089150 0 0 0.000000 20 0.0 0.0
110 4.8 0.093300 0 0 0.000000 20 0.0 0.0
110 4.9 0.098600 0 0 0.000000 20 0.0 0.0
110 5.0 0.089900 0 0 0.000000 20 0.0 0.0
120 3.0 0.084850 0 0 0.000000 20 0.0 0.0
120 3.1 0.087650 0 0 0.000000 20 0.0 0.0
120 3.2 0.092600 0 0 0.000000 20 0.0 0.0
120 3.3 0.085450 0 0 0.000000 20 0.0 0.0
120 3.4 0.088900 0 0 0.000000 20 0.0 0.0
120 3.5 0.084700 0 0 0.000000 20 0.0 0.0
120 3.6 0.085450 0 0 0.000000 20 0.0 0.0
120 3.7 0.091000 0 0 0.000000 20 0.0 0.0
120 3.8 0.091500 0 0 0.000000 20 0.0 0.0
120 3.9 0.092100 0 0 0.000000 20 0.0 0.0
120 4.0 0.089650 0 0 0.000000 20 0.0 0.0
120 4.1 0.091350 0 0 0.000000 20 0.0 0.0
120 4.2 0.091750 0 0 0.000000 20 0.0 0.0
120 4.3 0.093950 0 0 0.000000 20 0.0 0.0
120 4.4 0.091400 0 0 0.000000 20 0.0 0.0
120 4.5 0.091100 0 0 0.000000 20 0.0 0.0
120 4.6 0.096600 0 0 0.000000 20 0.0 0.0
120 4.7 0.090750 0 0 0.000000 20 0.0 0.0
120 4.8 0.095800 0 0 0.000000 20 0.0 0.0
120 4.9 0.092800 0 0 0.000000 20 0.0 0.0
120 5.0 0.096750 0 0 0.000000 20 0.0 0.0
130 3.0 0.085450 0 0 0.000000 20 0.0 0.0
130 3.1 0.087000 0 0 0.000000 20 0.0 0.0
130 3.2 0.091550 0 0 0.000000 20 0.0 0.0
130 3.3 0.086850 0 0 0.000000 20 0.0 0.0
130 3.4 0.089550 0 0 0.000000 20 0.0 0.0
130 3.5 0.089100 0 0 0.000000 20 0.0 0.0
130 3.6 0.092900 0 0 0.000000 20 0.0 0.0
130 3.7 0.088900 0 0 0.000000 20 0.0 0.0
130 3.8 0.088300 0 0 0.000000 20 0.0 0.0
130 3.9 0.088800 0 0 0.000000 20 0.0 0.0
130 4.0 0.091750 0 0 0.000000 20 0.0 0.0
130 4.1 0.095550 0 0 0.000000 20 0.0 0.0
130 4.2 0.087950 0 0 0.000000 20 0.0 0.0
130 4.3 0.089750 0 0 0.000000 20 0.0 0.0
130 4.4 0.092100 0 0 0.000000 20 0.0 0.0
130 4.5 0.091800 0 0 0.000000 20 0.0 0.0
130 4.6 0.090200 0 0 0.000000 20 0.0 0.0
130 4.7 0.093900 0 0 0.000000 20 0.0 0.0
130 4.8 0.091850 0 0 0.000000 20 0.0 0.0
130 4.9 0.091600 0 0 0.000000 20 0.0 0.0
130 5.0 0.092650 0 0 0.000000 20 0.0 0.0
140 3.0 0.083350 0 0 0.000000 20 0.0 0.0
140 3.1 0.088850 0 0 0.000000 20 0.0 0.0
140 3.2 0.089850 0 0 0.000000 20 0.0 0.0
140 3.3 0.086200 0 0 0.000000 20 0.0 0.0
140 3.4 0.085850 0 0 0.000000 20 0.0 0.0
140 3.5 0.088650 0 0 0.000000 20 0.0 0.0
140 3.6 0.093550 0 0 0.000000 20 0.0 0.0
140 3.7 0.087900 0 0 0.000000 20 0.0 0.0
140 3.8 0.086950 0 0 0.000000 20 0.0 0.0
140 3.9 0.087450 0 0 0.000000 20 0.0 0.0
140 4.0 0.093100 0 0 0.000000 20 0.0 0.0
140 4.1 0.090100 0 0 0.000000 20 0.0 0.0
140 4.2 0.094150 0 0 0.000000 20 0.0 0.0
140 4.3 0.095700 0 0 0.000000 20 0.0 0.0
140 4.4 0.094300 0 0 0.000000 20 0.0 0.0
140 4.5 0.094350 0 0 0.000000 20 0.0 0.0
140 4.6 0.090100 0 0 0.000000 20 0.0 0.0
140 4.7 0.090550 0 0 0.000000 20 0.0 0.0
140 4.8 0.094450 0 0 0.000000 20 0.0 0.0
140 4.9 0.095200 0 0 0.000000 20 0.0 0.0
140 5.0 0.093600 0 0 0.000000 20 0.0 0.0
150 3.0 0.088450 0 0 0.000000 20 0.0 0.0
150 3.1 0.092250 0 0 0.000000 20 0.0 0.0
150 3.2 0.084550 0 0 0.000000 20 0.0 0.0
150 3.3 0.085450 0 0 0.000000 20 0.0 0.0
150 3.4 0.085450 0 0 0.000000 20 0.0 0.0
150 3.5 0.090350 0 0 0.000000 20 0.0 0.0
150 3.6 0.090850 0 0 0.000000 20 0.0 0.0
150 3.7 0.088400 0 0 0.000000 20 0.0 0.0
150 3.8 0.088400 0 0 0.000000 20 0.0 0.0
150 3.9 0.088250 0 0 0.000000 20 0.0 0.0
150 4.0 0.095850 0 0 0.000000 20 0.0 0.0
150 4.1 0.092550 0 0 0.000000 20 0.0 0.0
150 4.2 0.091700 0 0 0.000000 20 0.0 0.0
150 4.3 0.094000 0 0 0.000000 20 0.0 0.0
150 4.4 0.096250 0 0 0.000000 20 0.0 0.0
150 4.5 0.091600 0 0 0.000000 20 0.0 0.0
150 4.6 0.094050 0 0 0.000000 20 0.0 0.0
150 4.7 0.095300 0 0 0.000000 20 0.0 0.0
150 4.8 0.099350 0 0 0.000000 20 0.0 0.0
150 4.9 0.095550 0 0 0.000000 20 0.0 0.0
150 5.0 0.094000 0 0 0.000000 20 0.0 0.0
160 3.0 0.088200 0 0 0.000000 20 0.0 0.0
160 3.1 0.097200 0 0 0.000000 20 0.0 0.0
160 3.2 0.086250 0 0 0.000000 20 0.0 0.0
160 3.3 0.086050 0 0 0.000000 20 0.0 0.0
160 3.4 0.086500 0 0 0.000000 20 0.0 0.0
160 3.5 0.095050 0 0 0.000000 20 0.0 0.0
160 3.6 0.091500 0 0 0.000000 20 0.0 0.0
160 3.7 0.090900 0 0 0.000000 20 0.0 0.0
160 3.8 0.092800 0 0 0.000000 20 0.0 0.0
160 3.9 0.088550 0 0 0.000000 20 0.0 0.0
160 4.0 0.094300 0 0 0.000000 20 0.0 0.0
160 4.1 0.092000 0 0 0.000000 20 0.0 0.0
160 4.2 0.093150 0 0 0.000000 20 0.0 0.0
160 4.3 0.095700 0 0 0.000000 20 0.0 0.0
160 4.4 0.099100 0 0 0.000000 20 0.0 0.0
160 4.5 0.096250 0 0 0.000000 20 0.0 0.0
160 4.6 0.095550 0 0 0.000000 20 0.0 0.0
160 4.7 0.105000 0 0 0.000000 20 0.0 0.0
160 4.8 0.094000 0 0 0.000000 20 0.0 0.0
160 4.9 0.103800 0 0 0.000000 20 0.0 0.0
160 5.0 0.096250 0 0 0.000000 20 0.0 0.0
170 3.0 0.087700 0 0 0.000000 20 0.0 0.0
170 3.1 0.091550 0 0 0.000000 20 0.0 0.0
170 3.2 0.090100 0 0 0.000000 20 0.0 0.0
170 3.3 0.091850 0 0 0.000000 20 0.0 0.0
170 3.4 0.093000 0 0 0.000000 20 0.0 0.0
170 3.5 0.097600 0 0 0.000000 20 0.0 0.0
170 3.6 0.089400 0 0 0.000000 20 0.0 0.0
170 3.7 0.093600 0 0 0.000000 20 0.0 0.0
170 3.8 0.090150 0 0 0.000000 20 0.0 0.0
170 3.9 0.096950 0 0 0.000000 20 0.0 0.0
170 4.0 0.099550 0 0 0.000000 20 0.0 0.0
170 4.1 0.096700 0 0 0.000000 20 0.0 0.0
170 4.2 0.097550 0 0 0.000000 20 0.0 0.0
170 4.3 0.096800 0 0 0.000000 20 0.0 0.0
170 4.4 0.097200 0 0 0.000000 20 0.0 0.0
170 4.5 0.096100 0 0 0.000000 20 0.0 0.0
170 4.6 0.096000 0 0 0.000000 20 0.0 0.0
170 4.7 0.097450 0 0 0.000000 20 0.0 0.0
170 4.8 0.096300 0 0 0.000000 20 0.0 0.0
170 4.9 0.102700 0 0 0.000000 20 0.0 0.0
170 5.0 0.102350 0 0 0.000000 20 0.0 0.0
180 3.0 0.087150 0 0 0.000000 20 0.0 0.0
180 3.1 0.094850 0 0 0.000000 20 0.0 0.0
180 3.2 0.089450 0 0 0.000000 20 0.0 0.0
180 3.3 0.090550 0 0 0.000000 20 0.0 0.0
180 3.4 0.094350 0 0 0.000000 20 0.0 0.0
180 3.5 0.090650 0 0 0.000000 20 0.0 0.0
180 3.6 0.091150 0 0 0.000000 20 0.0 0.0
180 3.7 0.093100 0 0 0.000000 20 0.0 0.0
180 3.8 0.094850 0 0 0.000000 20 0.0 0.0
180 3.9 0.102600 0 0 0.000000 20 0.0 0.0
180 4.0 0.093150 0 0 0.000000 20 0.0 0.0
180 4.1 0.101850 0 0 0.000000 20 0.0 0.0
180 4.2 0.097900 0 0 0.000000 20 0.0 0.0
180 4.3 0.098000 0 0 0.000000 20 0.0 0.0
180 4.4 0.096350 0 0 0.000000 20 0.0 0.0
180 4.5 0.096150 0 0 0.000000 20 0.0 0.0
180 4.6 0.096850 0 0 0.000000 20 0.0 0.0
180 4.7 0.104250 0 0 0.000000 20 0.0 0.0
180 4.8 0.100200 0 0 0.000000 20 0.0 0.0
180 4.9 0.106100 0 0 0.000000 20 0.0 0.0
180 5.0 0.102400 0 0 0.000000 20 0.0 0.0
190 3.0 0.089500 0 0 0.000000 20 0.0 0.0
190 3.1 0.090250 0 0 0.000000 20 0.0 0.0
190 3.2 0.090350 0 0 0.000000 20 0.0 0.0
190 3.3 0.091300 0 0 0.000000 20 0.0 0.0
190 3.4 0.094200 0 0 0.000000 20 0.0 0.0
190 3.5 0.097450 0 0 0.000000 20 0.0 0.0
190 3.6 0.095150 0 0 0.000000 20 0.0 0.0
190 3.7 0.099650 0 0 0.000000 20 0.0 0.0
190 3.8 0.093250 0 0 0.000000 20 0.0 0.0
190 3.9 0.100650 0 0 0.000000 20 0.0 0.0
190 4.0 0.095700 0 0 0.000000 20 0.0 0.0
190 4.1 0.100250 0 0 0.000000 20 0.0 0.0
190 4.2 0.100350 0 0 0.000000 20 0.0 0.0
190 4.3 0.098050 0 0 0.000000 20 0.0 0.0
190 4.4 0.099250 0 0 0.000000 20 0.0 0.0
190 4.5 0.104400 0 0 0.000000 20 0.0 0.0
190 4.6 0.100500 0 0 0.000000 20 0.0 0.0
190 4.7 0.107700 0 0 0.000000 20 0.0 0.0
190 4.8 0.104550 0 0 0.000000 20 0.0 0.0
190 4.9 0.100300 0 0 0.000000 20 0.0 0.0
190 5.0 0.101800 0 0 0.000000 20 0.0 0.0
200 3.0 0.094650 0 0 0.000000 20 0.0 0.0
200 3.1 0.100950 0 0 0.000000 20 0.0 0.0
200 3.2 0.090600 0 0 0.000000 20 0.0 0.0
200 3.3 0.094600 0 0 0.000000 20 0.0 0.0
200 3.4 0.097900 0 0 0.000000 20 0.0 0.0
200 3.5 0.094150 0 0 0.000000 20 0.0 0.0
200 3.6 0.097800 0 0 0.000000 20 0.0 0.0
200 3.7 0.099950 0 0 0.000000 20 0.0 0.0
200 3.8 0.097900 0 0 0.000000 20 0.0 0.0
200 3.9 0.099550 0 0 0.000000 20 0.0 0.0
200 4.0 0.106950 0 0 0.000000 20 0.0 0.0
200 4.1 0.100450 0 0 0.000000 20 0.0 0.0
200 4.2 0.103850 0 0 0.000000 20 0.0 0.0
200 4.3 0.103050 0 0 0.000000 20 0.0 0.0
200 4.4 0.104250 0 0 0.000000 20 0.0 0.0
200 4.5 0.103850 0 0 0.000000 20 0.0 0.0
200 4.6 0.100200 0 0 0.000000 20 0.0 0.0
200 4.7 0.101100 0 0 0.000000 20 0.0 0.0
200 4.8 0.106300 0 0 0.000000 20 0.0 0.0
200 4.9 0.107150 0 0 0.000000 20 0.0 0.0
200 5.0 0.107200 0 0 0.000000 20 0.0 0.0
