50 3.0 0.081200 0 0 0.000000 20 0.0 0.0
50 3.1 0.088300 0 0 0.000000 20 0.0 0.0
50 3.2 0.079750 0 0 0.000000 20 0.0 0.0
50 3.3 0.083200 0 0 0.000000 20 0.0 0.0
50 3.4 0.080200 0 0 0.000000 20 0.0 0.0
50 3.5 0.084350 0 0 0.000000 20 0.0 0.0
50 3.6 0.088300 0 0 0.000000 20 0.0 0.0
50 3.7 0.080650 0 0 0.000000 20 0.0 0.0
50 3.8 0.078500 0 0 0.000000 20 0.0 0.0
50 3.9 0.080450 0 0 0.000000 20 0.0 0.0
50 4.0 0.085300 0 0 0.000000 20 0.0 0.0
50 4.1 0.080300 0 0 0.000000 20 0.0 0.0
50 4.2 0.081400 0 0 0.000000 20 0.0 0.0
50 4.3 0.080700 0 0 0.000000 20 0.0 0.0
50 4.4 0.080250 0 0 0.050000 20 1.0 2.0
50 4.5 0.084800 0 0 0.000000 20 0.0 0.0
50 4.6 0.082150 0 0 0.000000 20 0.0 0.0
50 4.7 0.079300 0 0 0.000000 20 0.0 0.0
50 4.8 0.080450 0 0 0.000000 20 0.0 0.0
50 4.9 0.078200 0 0 0.000000 20 0.0 0.0
50 5.0 0.082050 0 0 0.000000 20 0.0 0.0
60 3.0 0.074200 0 0 0.000000 20 0.0 0.0
60 3.1 0.075850 0 0 0.000000 20 0.0 0.0
60 3.2 0.085100 0 0 0.000000 20 0.0 0.0
60 3.3 0.082450 0 0 0.000000 20 0.0 0.0
60 3.4 0.077450 0 0 0.000000 20 0.0 0.0
60 3.5 0.081900 0 0 0.000000 20 0.0 0.0
60 3.6 0.080100 0 0 0.000000 20 0.0 0.0
60 3.7 0.078650 0 0 0.000000 20 0.0 0.0
60 3.8 0.077550 0 0 0.000000 20 0.0 0.0
60 3.9 0.076900 0 0 0.000000 20 0.0 0.0
60 4.0 0.085650 0 0 0.000000 20 0.0 0.0
60 4.1 0.077900 0 0 0.000000 20 0.0 0.0
60 4.2 0.080100 0 0 0.000000 20 0.0 0.0
60 4.3 0.083850 0 0 0.000000 20 0.0 0.0
60 4.4 0.078000 0 0 0.000000 20 0.0 0.0
60 4.5 0.083900 0 0 0.000000 20 0.0 0.0
60 4.6 0.082150 0 0 0.000000 20 0.0 0.0
60 4.7 0.084750 0 0 0.000000 20 0.0 0.0
60 4.8 0.082500 0 0 0.000000 20 0.0 0.0
60 4.9 0.078550 0 0 0.000000 20 0.0 0.0
60 5.0 0.080350 0 0 0.000000 20 0.0 0.0
70 3.0 0.078400 0 0 0.000000 20 0.0 0.0
70 3.1 0.082250 0 0 0.000000 20 0.0 0.0
70 3.2 0.078650 0 0 0.000000 20 0.0 0.0
70 3.3 0.079950 0 0 0.000000 20 0.0 0.0
70 3.4 0.085400 0 0 0.000000 20 0.0 0.0
70 3.5 0.081400 0 0 0.000000 20 0.0 0.0
70 3.6 0.080850 0 0 0.000000 20 0.0 0.0
70 3.7 0.079050 0 0 0.000000 20 0.0 0.0
70 3.8 0.079250 0 0 0.000000 20 0.0 0.0
70 3.9 0.081050 0 0 0.000000 20 0.0 0.0
70 4.0 0.078500 0 0 0.000000 20 0.0 0.0
70 4.1 0.079700 0 0 0.000000 20 0.0 0.0
70 4.2 0.082750 0 0 0.000000 20 0.0 0.0
70 4.3 0.085400 0 0 0.000000 20 0.0 0.0
70 4.4 0.081050 0 0 0.000000 20 0.0 0.0
70 4.5 0.082500 0 0 0.000000 20 0.0 0.0
70 4.6 0.082400 0 0 0.000000 20 0.0 0.0
70 4.7 0.094850 0 0 0.000000 20 0.0 0.0
70 4.8 0.087450 0 0 0.000000 20 0.0 0.0
70 4.9 0.086350 0 0 0.000000 20 0.0 0.0
70 5.0 0.091150 0 0 0.000000 20 0.0 0.0
80 3.0 0.079900 0 0 0.000000 20 0.0 0.0
80 3.1 0.079450 0 0 0.000000 20 0.0 0.0
80 3.2 0.077700 0 0 0.000000 20 0.0 0.0
80 3.3 0.080550 0 0 0.000000 20 0.0 0.0
80 3.4 0.087600 0 0 0.000000 20 0.0 0.0
80 3.5 0.083650 0 0 0.000000 20 0.0 0.0
80 3.6 0.082350 0 0 0.000000 20 0.0 0.0
80 3.7 0.078800 0 0 0.000000 20 0.0 0.0
80 3.8 0.089600 0 0 0.000000 20 0.0 0.0
80 3.9 0.083850 0 0 0.000000 20 0.0 0.0
80 4.0 0.079900 0 0 0.000000 20 0.0 0.0
80 4.1 0.084400 0 0 0.000000 20 0.0 0.0
80 4.2 0.079300 0 0 0.000000 20 0.0 0.0
80 4.3 0.085200 0 0 0.000000 20 0.0 0.0
80 4.4 0.084700 0 0 0.000000 20 0.0 0.0
80 4.5 0.083100 0 0 0.000000 20 0.0 0.0
80 4.6 0.080400 0 0 0.000000 20 0.0 0.0
80 4.7 0.083700 0 0 0.000000 20 0.0 0.0
80 4.8 0.088350 0 0 0.000000 20 0.0 0.0
80 4.9 0.086200 0 0 0.000000 20 0.0 0.0
80 5.0 0.084950 0 0 0.000000 20 0.0 0.0
90 3.0 0.083850 0 0 0.000000 20 0.0 0.0
90 3.1 0.079350 0 0 0.000000 20 0.0 0.0
90 3.2 0.083500 0 0 0.000000 20 0.0 0.0
90 3.3 0.080500 0 0 0.000000 20 0.0 0.0
90 3.4 0.079400 0 0 0.000000 20 0.0 0.0
90 3.5 0.087350 0 0 0.000000 20 0.0 0.0
90 3.6 0.082400 0 0 0.000000 20 0.0 0.0
90 3.7 0.085650 0 0 0.000000 20 0.0 0.0
90 3.8 0.083000 0 0 0.000000 20 0.0 0.0
90 3.9 0.081950 0 0 0.000000 20 0.0 0.0
90 4.0 0.085150 0 0 0.000000 20 0.0 0.0
90 4.1 0.084600 0 0 0.000000 20 0.0 0.0
90 4.2 0.087700 0 0 0.000000 20 0.0 0.0
90 4.3 0.082550 0 0 0.000000 20 0.0 0.0
90 4.4 0.087900 0 0 0.000000 20 0.0 0.0
90 4.5 0.080950 0 0 0.000000 20 0.0 0.0
90 4.6 0.082700 0 0 0.000000 20 0.0 0.0
90 4.7 0.083650 0 0 0.000000 20 0.0 0.0
90 4.8 0.084900 0 0 0.000000 20 0.0 0.0
90 4.9 0.082450 0 0 0.000000 20 0.0 0.0
90 5.0 0.087350 0 0 0.000000 20 0.0 0.0
100 3.0 0.082950 0 0 0.000000 20 0.0 0.0
100 3.1 0.081350 0 0 0.000000 20 0.0 0.0
100 3.2 0.083250 0 0 0.000000 20 0.0 0.0
100 3.3 0.082800 0 0 0.000000 20 0.0 0.0
100 3.4 0.088400 0 0 0.000000 20 0.0 0.0
100 3.5 0.084450 0 0 0.000000 20 0.0 0.0
100 3.6 0.082550 0 0 0.000000 20 0.0 0.0
100 3.7 0.082600 0 0 0.000000 20 0.0 0.0
100 3.8 0.080750 0 0 0.000000 20 0.0 0.0
100 3.9 0.088650 0 0 0.000000 20 0.0 0.0
100 4.0 0.083600 0 0 0.000000 20 0.0 0.0
100 4.1 0.086400 0 0 0.000000 20 0.0 0.0
100 4.2 0.094900 0 0 0.000000 20 0.0 0.0
100 4.3 0.082900 0 0 0.000000 20 0.0 0.0
100 4.4 0.082850 0 0 0.000000 20 0.0 0.0
100 4.5 0.084500 0 0 0.000000 20 0.0 0.0
100 4.6 0.085150 0 0 0.000000 20 0.0 0.0
100 4.7 0.083250 0 0 0.000000 20 0.0 0.0
100 4.8 0.082750 0 0 0.000000 20 0.0 0.0
100 4.9 0.087000 0 0 0.000000 20 0.0 0.0
100 5.0 0.087850 0 0 0.000000 20 0.0 0.0
110 3.0 0.079500 0 0 0.000000 20 0.0 0.0
110 3.1 0.086000 0 0 0.000000 20 0.0 0.0
110 3.2 0.083250 0 0 0.000000 20 0.0 0.0
110 3.3 0.082700 0 0 0.000000 20 0.0 0.0
110 3.4 0.082350 0 0 0.000000 20 0.0 0.0
110 3.5 0.080750 0 0 0.000000 20 0.0 0.0
110 3.6 0.092750 0 0 0.000000 20 0.0 0.0
110 3.7 0.082250 0 0 0.000000 20 0.0 0.0
110 3.8 0.088000 0 0 0.000000 20 0.0 0.0
110 3.9 0.083350 0 0 0.000000 20 0.0 0.0
110 4.0 0.086850 0 0 0.000000 20 0.0 0.0
110 4.1 0.084550 0 0 0.000000 20 0.0 0.0
110 4.2 0.097000 0 0 0.000000 20 0.0 0.0
110 4.3 0.088700 0 0 0.000000 20 0.0 0.0
110 4.4 0.092000 0 0 0.000000 20 0.0 0.0
110 4.5 0.088700 0 0 0.000000 20 0.0 0.0
110 4.6 0.093850 0 0 0.000000 20 0.0 0.0
110 4.7 0.085000 0 0 0.000000 20 0.0 0.0
110 4.8 0.085150 0 0 0.000000 20 0.0 0.0
110 4.9 0.091000 0 0 0.000000 20 0.0 0.0
110 5.0 0.085850 0 0 0.000000 20 0.0 0.0
120 3.0 0.079850 0 0 0.000000 20 0.0 0.0
120 3.1 0.084100 0 0 0.000000 20 0.0 0.0
120 3.2 0.085150 0 0 0.000000 20 0.0 0.0
120 3.3 0.080650 0 0 0.000000 20 0.0 0.0
120 3.4 0.088200 0 0 0.000000 20 0.0 0.0
120 3.5 0.084950 0 0 0.000000 20 0.0 0.0
120 3.6 0.090100 0 0 0.000000 20 0.0 0.0
120 3.7 0.084200 0 0 0.000000 20 0.0 0.0
120 3.8 0.086250 0 0 0.000000 20 0.0 0.0
120 3.9 0.086300 0 0 0.000000 20 0.0 0.0
120 4.0 0.095900 0 0 0.000000 20 0.0 0.0
120 4.1 0.091450 0 0 0.000000 20 0.0 0.0
120 4.2 0.088150 0 0 0.000000 20 0.0 0.0
120 4.3 0.083950 0 0 0.000000 20 0.0 0.0
120 4.4 0.086350 0 0 0.000000 20 0.0 0.0
120 4.5 0.088800 0 0 0.000000 20 0.0 0.0
120 4.6 0.090500 0 0 0.000000 20 0.0 0.0
120 4.7 0.086500 0 0 0.000000 20 0.0 0.0
120 4.8 0.089150 0 0 0.000000 20 0.0 0.0
120 4.9 0.093200 0 0 0.000000 20 0.0 0.0
120 5.0 0.089900 0 0 0.000000 20 0.0 0.0
130 3.0 0.088600 0 0 0.000000 20 0.0 0.0
130 3.1 0.082200 0 0 0.000000 20 0.0 0.0
130 3.2 0.084250 0 0 0.000000 20 0.0 0.0
130 3.3 0.083550 0 0 0.000000 20 0.0 0.0
130 3.4 0.082050 0 0 0.000000 20 0.0 0.0
130 3.5 0.086550 0 0 0.000000 20 0.0 0.0
130 3.6 0.085250 0 0 0.000000 20 0.0 0.0
130 3.7 0.087900 0 0 0.000000 20 0.0 0.0
130 3.8 0.085400 0 0 0.000000 20 0.0 0.0
130 3.9 0.088250 0 0 0.000000 20 0.0 0.0
130 4.0 0.089750 0 0 0.000000 20 0.0 0.0
130 4.1 0.090550 0 0 0.000000 20 0.0 0.0
130 4.2 0.089750 0 0 0.000000 20 0.0 0.0
130 4.3 0.093100 0 0 0.000000 20 0.0 0.0
130 4.4 0.086950 0 0 0.000000 20 0.0 0.0
130 4.5 0.088500 0 0 0.000000 20 0.0 0.0
130 4.6 0.089000 0 0 0.000000 20 0.0 0.0
130 4.7 0.094150 0 0 0.000000 20 0.0 0.0
130 4.8 0.089450 0 0 0.000000 20 0.0 0.0
130 4.9 0.088100 0 0 0.000000 20 0.0 0.0
130 5.0 0.088200 0 0 0.000000 20 0.0 0.0
140 3.0 0.087400 0 0 0.000000 20 0.0 0.0
140 3.1 0.081950 0 0 0.000000 20 0.0 0.0
140 3.2 0.083000 0 0 0.000000 20 0.0 0.0
140 3.3 0.085350 0 0 0.000000 20 0.0 0.0
140 3.4 0.088350 0 0 0.000000 20 0.0 0.0
140 3.5 0.086700 0 0 0.000000 20 0.0 0.0
140 3.6 0.089150 0 0 0.000000 20 0.0 0.0
140 3.7 0.085850 0 0 0.000000 20 0.0 0.0
140 3.8 0.087850 0 0 0.000000 20 0.0 0.0
140 3.9 0.089800 0 0 0.000000 20 0.0 0.0
140 4.0 0.085450 0 0 0.000000 20 0.0 0.0
140 4.1 0.092000 0 0 0.000000 20 0.0 0.0
140 4.2 0.088200 0 0 0.000000 20 0.0 0.0
140 4.3 0.094100 0 0 0.000000 20 0.0 0.0
140 4.4 0.089050 0 0 0.000000 20 0.0 0.0
140 4.5 0.094100 0 0 0.000000 20 0.0 0.0
140 4.6 0.089400 0 0 0.000000 20 0.0 0.0
140 4.7 0.090900 0 0 0.000000 20 0.0 0.0
140 4.8 0.090700 0 0 0.000000 20 0.0 0.0
140 4.9 0.091750 0 0 0.000000 20 0.0 0.0
140 5.0 0.093050 0 0 0.000000 20 0.0 0.0
150 3.0 0.084250 0 0 0.000000 20 0.0 0.0
150 3.1 0.088550 0 0 0.000000 20 0.0 0.0
150 3.2 0.087100 0 0 0.000000 20 0.0 0.0
150 3.3 0.086950 0 0 0.000000 20 0.0 0.0
150 3.4 0.091800 0 0 0.000000 20 0.0 0.0
150 3.5 0.084550 0 0 0.000000 20 0.0 0.0
150 3.6 0.087700 0 0 0.000000 20 0.0 0.0
150 3.7 0.086400 0 0 0.000000 20 0.0 0.0
150 3.8 0.091200 0 0 0.000000 20 0.0 0.0
150 3.9 0.087700 0 0 0.000000 20 0.0 0.0
150 4.0 0.087800 0 0 0.000000 20 0.0 0.0
150 4.1 0.089550 0 0 0.000000 20 0.0 0.0
150 4.2 0.088400 0 0 0.000000 20 0.0 0.0
150 4.3 0.087350 0 0 0.000000 20 0.0 0.0
150 4.4 0.095250 0 0 0.000000 20 0.0 0.0
150 4.5 0.092500 0 0 0.000000 20 0.0 0.0
150 4.6 0.089600 0 0 0.000000 20 0.0 0.0
150 4.7 0.092200 0 0 0.000000 20 0.0 0.0
150 4.8 0.089750 0 0 0.000000 20 0.0 0.0
150 4.9 0.093650 0 0 0.000000 20 0.0 0.0
150 5.0 0.096350 0 0 0.000000 20 0.0 0.0
160 3.0 0.087500 0 0 0.000000 20 0.0 0.0
160 3.1 0.092850 0 0 0.000000 20 0.0 0.0
160 3.2 0.091800 0 0 0.000000 20 0.0 0.0
160 3.3 0.084750 0 0 0.000000 20 0.0 0.0
160 3.4 0.090200 0 0 0.000000 20 0.0 0.0
160 3.5 0.087750 0 0 0.000000 20 0.0 0.0
160 3.6 0.089900 0 0 0.000000 20 0.0 0.0
160 3.7 0.090900 0 0 0.000000 20 0.0 0.0
160 3.8 0.091300 0 0 0.000000 20 0.0 0.0
160 3.9 0.088500 0 0 0.000000 20 0.0 0.0
160 4.0 0.089200 0 0 0.000000 20 0.0 0.0
160 4.1 0.102500 0 0 0.000000 20 0.0 0.0
160 4.2 0.091800 0 0 0.000000 20 0.0 0.0
160 4.3 0.094100 0 0 0.000000 20 0.0 0.0
160 4.4 0.092450 0 0 0.000000 20 0.0 0.0
160 4.5 0.096500 0 0 0.000000 20 0.0 0.0
160 4.6 0.091950 0 0 0.000000 20 0.0 0.0
160 4.7 0.099800 0 0 0.000000 20 0.0 0.0
160 4.8 0.094900 0 0 0.000000 20 0.0 0.0
160 4.9 0.092650 0 0 0.000000 20 0.0 0.0
160 5.0 0.092850 0 0 0.000000 20 0.0 0.0
170 3.0 0.088200 0 0 0.000000 20 0.0 0.0
170 3.1 0.088050 0 0 0.000000 20 0.0 0.0
170 3.2 0.093850 0 0 0.000000 20 0.0 0.0
170 3.3 0.088950 0 0 0.000000 20 0.0 0.0
170 3.4 0.090550 0 0 0.000000 20 0.0 0.0
170 3.5 0.085850 0 0 0.000000 20 0.0 0.0
170 3.6 0.088200 0 0 0.000000 20 0.0 0.0
170 3.7 0.091500 0 0 0.000000 20 0.0 0.0
170 3.8 0.092450 0 0 0.000000 20 0.0 0.0
170 3.9 0.095500 0 0 0.000000 20 0.0 0.0
170 4.0 0.094250 0 0 0.000000 20 0.0 0.0
170 4.1 0.091000 0 0 0.000000 20 0.0 0.0
170 4.2 0.095450 0 0 0.000000 20 0.0 0.0
170 4.3 0.094600 0 0 0.000000 20 0.0 0.0
170 4.4 0.099950 0 0 0.000000 20 0.0 0.0
170 4.5 0.096400 0 0 0.000000 20 0.0 0.0
170 4.6 0.094050 0 0 0.000000 20 0.0 0.0
170 4.7 0.102100 0 0 0.000000 20 0.0 0.0
170 4.8 0.093650 0 0 0.000000 20 0.0 0.0
170 4.9 0.097900 0 0 0.000000 20 0.0 0.0
170 5.0 0.095700 0 0 0.000000 20 0.0 0.0
180 3.0 0.083800 0 0 0.000000 20 0.0 0.0
180 3.1 0.088850 0 0 0.000000 20 0.0 0.0
180 3.2 0.088550 0 0 0.000000 20 0.0 0.0
180 3.3 0.088550 0 0 0.000000 20 0.0 0.0
180 3.4 0.098000 0 0 0.000000 20 0.0 0.0
180 3.5 0.091950 0 0 0.000000 20 0.0 0.0
180 3.6 0.093300 0 0 0.000000 20 0.0 0.0
180 3.7 0.089800 0 0 0.000000 20 0.0 0.0
180 3.8 0.096000 0 0 0.000000 20 0.0 0.0
180 3.9 0.090050 0 0 0.000000 20 0.0 0.0
180 4.0 0.091800 0 0 0.000000 20 0.0 0.0
180 4.1 0.093300 0 0 0.000000 20 0.0 0.0
180 4.2 0.091500 0 0 0.000000 20 0.0 0.0
180 4.3 0.092500 0 0 0.000000 20 0.0 0.0
180 4.4 0.097800 0 0 0.000000 20 0.0 0.0
180 4.5 0.093300 0 0 0.000000 20 0.0 0.0
180 4.6 0.095350 0 0 0.000000 20 0.0 0.0
180 4.7 0.094900 0 0 0.000000 20 0.0 0.0
180 4.8 0.103750 0 0 0.000000 20 0.0 0.0
180 4.9 0.094400 0 0 0.000000 20 0.0 0.0
180 5.0 0.098700 0 0 0.000000 20 0.0 0.0
190 3.0 0.086600 0 0 0.000000 20 0.0 0.0
190 3.1 0.087350 0 0 0.000000 20 0.0 0.0
190 3.2 0.097350 0 0 0.000000 20 0.0 0.0
190 3.3 0.087550 0 0 0.000000 20 0.0 0.0
190 3.4 0.091600 0 0 0.000000 20 0.0 0.0
190 3.5 0.089550 0 0 0.000000 20 0.0 0.0
190 3.6 0.088500 0 0 0.000000 20 0.0 0.0
190 3.7 0.089350 0 0 0.000000 20 0.0 0.0
190 3.8 0.095500 0 0 0.000000 20 0.0 0.0
190 3.9 0.096000 0 0 0.000000 20 0.0 0.0
190 4.0 0.094850 0 0 0.000000 20 0.0 0.0
190 4.1 0.097250 0 0 0.000000 20 0.0 0.0
190 4.2 0.100450 0 0 0.000000 20 0.0 0.0
190 4.3 0.094250 0 0 0.000000 20 0.0 0.0
190 4.4 0.100050 0 0 0.000000 20 0.0 0.0
190 4.5 0.099950 0 0 0.000000 20 0.0 0.0
190 4.6 0.094100 0 0 0.000000 20 0.0 0.0
190 4.7 0.100400 0 0 0.000000 20 0.0 0.0
190 4.8 0.099450 0 0 0.000000 20 0.0 0.0
190 4.9 0.102700 0 0 0.000000 20 0.0 0.0
190 5.0 0.103850 0 0 0.000000 20 0.0 0.0
200 3.0 0.090850 0 0 0.000000 20 0.0 0.0
200 3.1 0.090700 0 0 0.000000 20 0.0 0.0
200 3.2 0.091600 0 0 0.000000 20 0.0 0.0
200 3.3 0.090350 0 0 0.000000 20 0.0 0.0
200 3.4 0.089950 0 0 0.000000 20 0.0 0.0
200 3.5 0.090350 0 0 0.000000 20 0.0 0.0
200 3.6 0.094100 0 0 0.000000 20 0.0 0.0
200 3.7 0.091700 0 0 0.000000 20 0.0 0.0
200 3.8 0.091650 0 0 0.000000 20 0.0 0.0
200 3.9 0.093550 0 0 0.000000 20 0.0 0.0
200 4.0 0.096900 0 0 0.000000 20 0.0 0.0
200 4.1 0.095250 0 0 0.000000 20 0.0 0.0
200 4.2 0.097150 0 0 0.000000 20 0.0 0.0
200 4.3 0.099450 0 0 0.000000 20 0.0 0.0
200 4.4 0.094450 0 0 0.000000 20 0.0 0.0
200 4.5 0.094800 0 0 0.000000 20 0.0 0.0
200 4.6 0.097000 0 0 0.000000 20 0.0 0.0
200 4.7 0.101450 0 0 0.000000 20 0.0 0.0
200 4.8 0.096850 0 0 0.000000 20 0.0 0.0
200 4.9 0.098850 0 0 0.000000 20 0.0 0.0
200 5.0 0.101300 0 0 0.000000 20 0.0 0.0
