50 3.0 0.081250 0 0 0.000000 20 0.0 0.0
50 3.1 0.082150 0 0 0.000000 20 0.0 0.0
50 3.2 0.078900 0 0 0.000000 20 0.0 0.0
50 3.3 0.083750 0 0 0.000000 20 0.0 0.0
50 3.4 0.077000 0 0 0.000000 20 0.0 0.0
50 3.5 0.077750 0 0 0.000000 20 0.0 0.0
50 3.6 0.079300 0 0 0.000000 20 0.0 0.0
50 3.7 0.083700 0 0 0.000000 20 0.0 0.0
50 3.8 0.086050 0 0 0.000000 20 0.0 0.0
50 3.9 0.083400 0 0 0.000000 20 0.0 0.0
50 4.0 0.080750 0 0 0.000000 20 0.0 0.0
50 4.1 0.079150 0 0 0.000000 20 0.0 0.0
50 4.2 0.089350 0 0 0.000000 20 0.0 0.0
50 4.3 0.086800 0 0 0.000000 20 0.0 0.0
50 4.4 0.082200 0 0 0.000000 20 0.0 0.0
50 4.5 0.083450 0 0 0.000000 20 0.0 0.0
50 4.6 0.082750 0 0 0.000000 20 0.0 0.0
50 4.7 0.086950 0 0 0.000000 20 0.0 0.0
50 4.8 0.082550 0 0 0.000000 20 0.0 0.0
50 4.9 0.086350 0 0 0.000000 20 0.0 0.0
50 5.0 0.084450 0 0 0.000000 20 0.0 0.0
60 3.0 0.082150 0 0 0.000000 20 0.0 0.0
60 3.1 0.083600 0 0 0.000000 20 0.0 0.0
60 3.2 0.083250 0 0 0.000000 20 0.0 0.0
60 3.3 0.082950 0 0 0.000000 20 0.0 0.0
60 3.4 0.083000 0 0 0.000000 20 0.0 0.0
60 3.5 0.088400 0 0 0.000000 20 0.0 0.0
60 3.6 0.086900 0 0 0.000000 20 0.0 0.0
60 3.7 0.083600 0 0 0.000000 20 0.0 0.0
60 3.8 0.085400 0 0 0.000000 20 0.0 0.0
60 3.9 0.089450 0 0 0.000000 20 0.0 0.0
60 4.0 0.087100 0 0 0.000000 20 0.0 0.0
60 4.1 0.087200 0 0 0.000000 20 0.0 0.0
60 4.2 0.089850 0 0 0.000000 20 0.0 0.0
60 4.3 0.084250 0 0 0.000000 20 0.0 0.0
60 4.4 0.085250 0 0 0.000000 20 0.0 0.0
60 4.5 0.088550 0 0 0.000000 20 0.0 0.0
60 4.6 0.093500 0 0 0.000000 20 0.0 0.0
60 4.7 0.084350 0 0 0.000000 20 0.0 0.0
60 4.8 0.087200 0 0 0.000000 20 0.0 0.0
60 4.9 0.085800 0 0 0.000000 20 0.0 0.0
60 5.0 0.082850 0 0 0.000000 20 0.0 0.0
70 3.0 0.081300 0 0 0.000000 20 0.0 0.0
70 3.1 0.082250 0 0 0.000000 20 0.0 0.0
70 3.2 0.084950 0 0 0.000000 20 0.0 0.0
70 3.3 0.079950 0 0 0.000000 20 0.0 0.0
70 3.4 0.082800 0 0 0.000000 20 0.0 0.0
70 3.5 0.084100 0 0 0.000000 20 0.0 0.0
70 3.6 0.086000 0 0 0.000000 20 0.0 0.0
70 3.7 0.082050 0 0 0.000000 20 0.0 0.0
70 3.8 0.079250 0 0 0.000000 20 0.0 0.0
70 3.9 0.084850 0 0 0.000000 20 0.0 0.0
70 4.0 0.087350 0 0 0.000000 20 0.0 0.0
70 4.1 0.085250 0 0 0.000000 20 0.0 0.0
70 4.2 0.085250 0 0 0.000000 20 0.0 0.0
70 4.3 0.089400 0 0 0.000000 20 0.0 0.0
70 4.4 0.088950 0 0 0.000000 20 0.0 0.0
70 4.5 0.083800 0 0 0.000000 20 0.0 0.0
70 4.6 0.089950 0 0 0.000000 20 0.0 0.0
70 4.7 0.093050 0 0 0.000000 20 0.0 0.0
70 4.8 0.086700 0 0 0.000000 20 0.0 0.0
70 4.9 0.083500 0 0 0.000000 20 0.0 0.0
70 5.0 0.086750 0 0 0.000000 20 0.0 0.0
80 3.0 0.084900 0 0 0.000000 20 0.0 0.0
80 3.1 0.083600 0 0 0.000000 20 0.0 0.0
80 3.2 0.087400 0 0 0.000000 20 0.0 0.0
80 3.3 0.081400 0 0 0.000000 20 0.0 0.0
80 3.4 0.085250 0 0 0.000000 20 0.0 0.0
80 3.5 0.078650 0 0 0.000000 20 0.0 0.0
80 3.6 0.081500 0 0 0.000000 20 0.0 0.0
80 3.7 0.086150 0 0 0.000000 20 0.0 0.0
80 3.8 0.088350 0 0 0.000000 20 0.0 0.0
80 3.9 0.089250 0 0 0.000000 20 0.0 0.0
80 4.0 0.083250 0 0 0.000000 20 0.0 0.0
80 4.1 0.088500 0 0 0.000000 20 0.0 0.0
80 4.2 0.090050 0 0 0.000000 20 0.0 0.0
80 4.3 0.091100 0 0 0.000000 20 0.0 0.0
80 4.4 0.086000 0 0 0.000000 20 0.0 0.0
80 4.5 0.095850 0 0 0.000000 20 0.0 0.0
80 4.6 0.088100 0 0 0.000000 20 0.0 0.0
80 4.7 0.091600 0 0 0.000000 20 0.0 0.0
80 4.8 0.082800 0 0 0.000000 20 0.0 0.0
80 4.9 0.093400 0 0 0.000000 20 0.0 0.0
80 5.0 0.088000 0 0 0.000000 20 0.0 0.0
90 3.0 0.088350 0 0 0.000000 20 0.0 0.0
90 3.1 0.084200 0 0 0.000000 20 0.0 0.0
90 3.2 0.092350 0 0 0.000000 20 0.0 0.0
90 3.3 0.087600 0 0 0.000000 20 0.0 0.0
90 3.4 0.085250 0 0 0.000000 20 0.0 0.0
90 3.5 0.085550 0 0 0.000000 20 0.0 0.0
90 3.6 0.086850 0 0 0.000000 20 0.0 0.0
90 3.7 0.091250 0 0 0.000000 20 0.0 0.0
90 3.8 0.083050 0 0 0.000000 20 0.0 0.0
90 3.9 0.085850 0 0 0.000000 20 0.0 0.0
90 4.0 0.086900 0 0 0.000000 20 0.0 0.0
90 4.1 0.090550 0 0 0.000000 20 0.0 0.0
90 4.2 0.092350 0 0 0.000000 20 0.0 0.0
90 4.3 0.095250 0 0 0.000000 20 0.0 0.0
90 4.4 0.087850 0 0 0.000000 20 0.0 0.0
90 4.5 0.086900 0 0 0.000000 20 0.0 0.0
90 4.6 0.088400 0 0 0.000000 20 0.0 0.0
90 4.7 0.091200 0 0 0.000000 20 0.0 0.0
90 4.8 0.088250 0 0 0.000000 20 0.0 0.0
90 4.9 0.095400 0 0 0.000000 20 0.0 0.0
90 5.0 0.092650 0 0 0.000000 20 0.0 0.0
100 3.0 0.092850 0 0 0.000000 20 0.0 0.0
100 3.1 0.089750 0 0 0.000000 20 0.0 0.0
100 3.2 0.087150 0 0 0.000000 20 0.0 0.0
100 3.3 0.089600 0 0 0.000000 20 0.0 0.0
100 3.4 0.087950 0 0 0.000000 20 0.0 0.0
100 3.5 0.085350 0 0 0.000000 20 0.0 0.0
100 3.6 0.088300 0 0 0.000000 20 0.0 0.0
100 3.7 0.089250 0 0 0.000000 20 0.0 0.0
100 3.8 0.090450 0 0 0.000000 20 0.0 0.0
100 3.9 0.089350 0 0 0.000000 20 0.0 0.0
100 4.0 0.090200 0 0 0.000000 20 0.0 0.0
100 4.1 0.097850 0 0 0.000000 20 0.0 0.0
100 4.2 0.090800 0 0 0.000000 20 0.0 0.0
100 4.3 0.086050 0 0 0.000000 20 0.0 0.0
100 4.4 0.090300 0 0 0.000000 20 0.0 0.0
100 4.5 0.089050 0 0 0.000000 20 0.0 0.0
100 4.6 0.090550 0 0 0.000000 20 0.0 0.0
100 4.7 0.090150 0 0 0.000000 20 0.0 0.0
100 4.8 0.096850 0 0 0.000000 20 0.0 0.0
100 4.9 0.092750 0 0 0.000000 20 0.0 0.0
100 5.0 0.084450 0 0 0.000000 20 0.0 0.0
110 3.0 0.089000 0 0 0.000000 20 0.0 0.0
110 3.1 0.085500 0 0 0.000000 20 0.0 0.0
110 3.2 0.088900 0 0 0.000000 20 0.0 0.0
110 3.3 0.090800 0 0 0.000000 20 0.0 0.0
110 3.4 0.089650 0 0 0.000000 20 0.0 0.0
110 3.5 0.092850 0 0 0.000000 20 0.0 0.0
110 3.6 0.087350 0 0 0.000000 20 0.0 0.0
110 3.7 0.085550 0 0 0.000000 20 0.0 0.0
110 3.8 0.090850 0 0 0.000000 20 0.0 0.0
110 3.9 0.089250 0 0 0.000000 20 0.0 0.0
110 4.0 0.085800 0 0 0.000000 20 0.0 0.0
110 4.1 0.089500 0 0 0.000000 20 0.0 0.0
110 4.2 0.084900 0 0 0.000000 20 0.0 0.0
110 4.3 0.084900 0 0 0.000000 20 0.0 0.0
110 4.4 0.088950 0 0 0.000000 20 0.0 0.0
110 4.5 0.099000 0 0 0.000000 20 0.0 0.0
110 4.6 0.092300 0 0 0.000000 20 0.0 0.0
110 4.7 0.094800 0 0 0.000000 20 0.0 0.0
110 4.8 0.090550 0 0 0.000000 20 0.0 0.0
110 4.9 0.093600 0 0 0.000000 20 0.0 0.0
110 5.0 0.090950 0 0 0.000000 20 0.0 0.0
120 3.0 0.088550 0 0 0.000000 20 0.0 0.0
120 3.1 0.090100 0 0 0.000000 20 0.0 0.0
120 3.2 0.092600 0 0 0.000000 20 0.0 0.0
120 3.3 0.095250 0 0 0.000000 20 0.0 0.0
120 3.4 0.090000 0 0 0.000000 20 0.0 0.0
120 3.5 0.087600 0 0 0.000000 20 0.0 0.0
120 3.6 0.090950 0 0 0.000000 20 0.0 0.0
120 3.7 0.093850 0 0 0.000000 20 0.0 0.0
120 3.8 0.087200 0 0 0.000000 20 0.0 0.0
120 3.9 0.095950 0 0 0.000000 20 0.0 0.0
120 4.0 0.088150 0 0 0.000000 20 0.0 0.0
120 4.1 0.088100 0 0 0.000000 20 0.0 0.0
120 4.2 0.094500 0 0 0.000000 20 0.0 0.0
120 4.3 0.090850 0 0 0.000000 20 0.0 0.0
120 4.4 0.090400 0 0 0.000000 20 0.0 0.0
120 4.5 0.098000 0 0 0.000000 20 0.0 0.0
120 4.6 0.093250 0 0 0.000000 20 0.0 0.0
120 4.7 0.100400 0 0 0.000000 20 0.0 0.0
120 4.8 0.099100 0 0 0.000000 20 0.0 0.0
120 4.9 0.093200 0 0 0.000000 20 0.0 0.0
120 5.0 0.096700 0 0 0.000000 20 0.0 0.0
130 3.0 0.090600 0 0 0.000000 20 0.0 0.0
130 3.1 0.086800 0 0 0.000000 20 0.0 0.0
130 3.2 0.087000 0 0 0.000000 20 0.0 0.0
130 3.3 0.092950 0 0 0.000000 20 0.0 0.0
130 3.4 0.088250 0 0 0.000000 20 0.0 0.0
130 3.5 0.093900 0 0 0.000000 20 0.0 0.0
130 3.6 0.091750 0 0 0.000000 20 0.0 0.0
130 3.7 0.090350 0 0 0.000000 20 0.0 0.0
130 3.8 0.089950 0 0 0.000000 20 0.0 0.0
130 3.9 0.094250 0 0 0.000000 20 0.0 0.0
130 4.0 0.093450 0 0 0.000000 20 0.0 0.0
130 4.1 0.091800 0 0 0.000000 20 0.0 0.0
130 4.2 0.094900 0 0 0.000000 20 0.0 0.0
130 4.3 0.093100 0 0 0.000000 20 0.0 0.0
130 4.4 0.091200 0 0 0.000000 20 0.0 0.0
130 4.5 0.100150 0 0 0.000000 20 0.0 0.0
130 4.6 0.098400 0 0 0.000000 20 0.0 0.0
130 4.7 0.095650 0 0 0.000000 20 0.0 0.0
130 4.8 0.099600 0 0 0.000000 20 0.0 0.0
130 4.9 0.092100 0 0 0.000000 20 0.0 0.0
130 5.0 0.097050 0 0 0.000000 20 0.0 0.0
140 3.0 0.087850 0 0 0.000000 20 0.0 0.0
140 3.1 0.094650 0 0 0.000000 20 0.0 0.0
140 3.2 0.092400 0 0 0.000000 20 0.0 0.0
140 3.3 0.096300 0 0 0.000000 20 0.0 0.0
140 3.4 0.090450 0 0 0.000000 20 0.0 0.0
140 3.5 0.087750 0 0 0.000000 20 0.0 0.0
140 3.6 0.092800 0 0 0.000000 20 0.0 0.0
140 3.7 0.086150 0 0 0.000000 20 0.0 0.0
140 3.8 0.092550 0 0 0.000000 20 0.0 0.0
140 3.9 0.094000 0 0 0.000000 20 0.0 0.0
140 4.0 0.093850 0 0 0.000000 20 0.0 0.0
140 4.1 0.093300 0 0 0.000000 20 0.0 0.0
140 4.2 0.094200 0 0 0.000000 20 0.0 0.0
140 4.3 0.099700 0 0 0.000000 20 0.0 0.0
140 4.4 0.090050 0 0 0.000000 20 0.0 0.0
140 4.5 0.104300 0 0 0.000000 20 0.0 0.0
140 4.6 0.093850 0 0 0.000000 20 0.0 0.0
140 4.7 0.094800 0 0 0.000000 20 0.0 0.0
140 4.8 0.098850 0 0 0.000000 20 0.0 0.0
140 4.9 0.100250 0 0 0.000000 20 0.0 0.0
140 5.0 0.091250 0 0 0.000000 20 0.0 0.0
150 3.0 0.097350 0 0 0.000000 20 0.0 0.0
150 3.1 0.091100 0 0 0.000000 20 0.0 0.0
150 3.2 0.092200 0 0 0.000000 20 0.0 0.0
150 3.3 0.099950 0 0 0.000000 20 0.0 0.0
150 3.4 0.092450 0 0 0.000000 20 0.0 0.0
150 3.5 0.094800 0 0 0.000000 20 0.0 0.0
150 3.6 0.099650 0 0 0.000000 20 0.0 0.0
150 3.7 0.091700 0 0 0.000000 20 0.0 0.0
150 3.8 0.091700 0 0 0.000000 20 0.0 0.0
150 3.9 0.091750 0 0 0.000000 20 0.0 0.0
150 4.0 0.101650 0 0 0.000000 20 0.0 0.0
150 4.1 0.091200 0 0 0.000000 20 0.0 0.0
150 4.2 0.095050 0 0 0.000000 20 0.0 0.0
150 4.3 0.091300 0 0 0.000000 20 0.0 0.0
150 4.4 0.093000 0 0 0.000000 20 0.0 0.0
150 4.5 0.096600 0 0 0.000000 20 0.0 0.0
150 4.6 0.100300 0 0 0.000000 20 0.0 0.0
150 4.7 0.096350 0 0 0.000000 20 0.0 0.0
150 4.8 0.107350 0 0 0.000000 20 0.0 0.0
150 4.9 0.094550 0 0 0.000000 20 0.0 0.0
150 5.0 0.099800 0 0 0.000000 20 0.0 0.0
160 3.0 0.087000 0 0 0.000000 20 0.0 0.0
160 3.1 0.089050 0 0 0.000000 20 0.0 0.0
160 3.2 0.087850 0 0 0.000000 20 0.0 0.0
160 3.3 0.091750 0 0 0.000000 20 0.0 0.0
160 3.4 0.103000 0 0 0.000000 20 0.0 0.0
160 3.5 0.093800 0 0 0.000000 20 0.0 0.0
160 3.6 0.092400 0 0 0.000000 20 0.0 0.0
160 3.7 0.097550 0 0 0.000000 20 0.0 0.0
160 3.8 0.091050 0 0 0.000000 20 0.0 0.0
160 3.9 0.090200 0 0 0.000000 20 0.0 0.0
160 4.0 0.094000 0 0 0.000000 20 0.0 0.0
160 4.1 0.094450 0 0 0.000000 20 0.0 0.0
160 4.2 0.093950 0 0 0.000000 20 0.0 0.0
160 4.3 0.097750 0 0 0.000000 20 0.0 0.0
160 4.4 0.093400 0 0 0.000000 20 0.0 0.0
160 4.5 0.099500 0 0 0.000000 20 0.0 0.0
160 4.6 0.097100 0 0 0.000000 20 0.0 0.0
160 4.7 0.099250 0 0 0.000000 20 0.0 0.0
160 4.8 0.106900 0 0 0.000000 20 0.0 0.0
160 4.9 0.102100 0 0 0.000000 20 0.0 0.0
160 5.0 0.106100 0 0 0.000000 20 0.0 0.0
170 3.0 0.103850 0 0 0.000000 20 0.0 0.0
170 3.1 0.088750 0 0 0.000000 20 0.0 0.0
170 3.2 0.096650 0 0 0.000000 20 0.0 0.0
170 3.3 0.091100 0 0 0.000000 20 0.0 0.0
170 3.4 0.092700 0 0 0.000000 20 0.0 0.0
170 3.5 0.099700 0 0 0.000000 20 0.0 0.0
170 3.6 0.097950 0 0 0.000000 20 0.0 0.0
170 3.7 0.097300 0 0 0.000000 20 0.0 0.0
170 3.8 0.094200 0 0 0.000000 20 0.0 0.0
170 3.9 0.098050 0 0 0.000000 20 0.0 0.0
170 4.0 0.100400 0 0 0.000000 20 0.0 0.0
170 4.1 0.101550 0 0 0.000000 20 0.0 0.0
170 4.2 0.094100 0 0 0.000000 20 0.0 0.0
170 4.3 0.097200 0 0 0.000000 20 0.0 0.0
170 4.4 0.097600 0 0 0.000000 20 0.0 0.0
170 4.5 0.103200 0 0 0.000000 20 0.0 0.0
170 4.6 0.098600 0 0 0.000000 20 0.0 0.0
170 4.7 0.092800 0 0 0.000000 20 0.0 0.0
170 4.8 0.098700 0 0 0.000000 20 0.0 0.0
170 4.9 0.106300 0 0 0.000000 20 0.0 0.0
170 5.0 0.104900 0 0 0.000000 20 0.0 0.0
180 3.0 0.091350 0 0 0.000000 20 0.0 0.0
180 3.1 0.093350 0 0 0.000000 20 0.0 0.0
180 3.2 0.094900 0 0 0.000000 20 0.0 0.0
180 3.3 0.101450 0 0 0.000000 20 0.0 0.0
180 3.4 0.094600 0 0 0.000000 20 0.0 0.0
180 3.5 0.101900 0 0 0.000000 20 0.0 0.0
180 3.6 0.094250 0 0 0.000000 20 0.0 0.0
180 3.7 0.098100 0 0 0.000000 20 0.0 0.0
180 3.8 0.097600 0 0 0.000000 20 0.0 0.0
180 3.9 0.097800 0 0 0.000000 20 0.0 0.0
180 4.0 0.107000 0 0 0.000000 20 0.0 0.0
180 4.1 0.099450 0 0 0.000000 20 0.0 0.0
180 4.2 0.095850 0 0 0.000000 20 0.0 0.0
180 4.3 0.099950 0 0 0.000000 20 0.0 0.0
180 4.4 0.096450 0 0 0.000000 20 0.0 0.0
180 4.5 0.104800 0 0 0.000000 20 0.0 0.0
180 4.6 0.111450 0 0 0.000000 20 0.0 0.0
180 4.7 0.105150 0 0 0.000000 20 0.0 0.0
180 4.8 0.106150 0 0 0.000000 20 0.0 0.0
180 4.9 0.104450 0 0 0.000000 20 0.0 0.0
180 5.0 0.110500 0 0 0.000000 20 0.0 0.0
190 3.0 0.095150 0 0 0.000000 20 0.0 0.0
190 3.1 0.097300 0 0 0.000000 20 0.0 0.0
190 3.2 0.096200 0 0 0.000000 20 0.0 0.0
190 3.3 0.093850 0 0 0.000000 20 0.0 0.0
190 3.4 0.098000 0 0 0.000000 20 0.0 0.0
190 3.5 0.098100 0 0 0.000000 20 0.0 0.0
190 3.6 0.099550 0 0 0.000000 20 0.0 0.0
190 3.7 0.103500 0 0 0.000000 20 0.0 0.0
190 3.8 0.098050 0 0 0.000000 20 0.0 0.0
190 3.9 0.102350 0 0 0.000000 20 0.0 0.0
190 4.0 0.101800 0 0 0.000000 20 0.0 0.0
190 4.1 0.105050 0 0 0.000000 20 0.0 0.0
190 4.2 0.094950 0 0 0.000000 20 0.0 0.0
190 4.3 0.106800 0 0 0.000000 20 0.0 0.0
190 4.4 0.110200 0 0 0.000000 20 0.0 0.0
190 4.5 0.107800 0 0 0.000000 20 0.0 0.0
190 4.6 0.114000 0 0 0.000000 20 0.0 0.0
190 4.7 0.109650 0 0 0.000000 20 0.0 0.0
190 4.8 0.105500 0 0 0.000000 20 0.0 0.0
190 4.9 0.117650 0 0 0.000000 20 0.0 0.0
190 5.0 0.118850 0 0 0.000000 20 0.0 0.0
200 3.0 0.115850 0 0 0.000000 20 0.0 0.0
200 3.1 0.110550 0 0 0.000000 20 0.0 0.0
200 3.2 0.107750 0 0 0.000000 20 0.0 0.0
200 3.3 0.099800 0 0 0.000000 20 0.0 0.0
200 3.4 0.108850 0 0 0.000000 20 0.0 0.0
200 3.5 0.105000 0 0 0.000000 20 0.0 0.0
200 3.6 0.110250 0 0 0.000000 20 0.0 0.0
200 3.7 0.111900 0 0 0.000000 20 0.0 0.0
200 3.8 0.108450 0 0 0.000000 20 0.0 0.0
200 3.9 0.109250 0 0 0.000000 20 0.0 0.0
200 4.0 0.113750 0 0 0.000000 20 0.0 0.0
200 4.1 0.110450 0 0 0.000000 20 0.0 0.0
200 4.2 0.119350 0 0 0.000000 20 0.0 0.0
200 4.3 0.120000 0 0 0.000000 20 0.0 0.0
200 4.4 0.113150 0 0 0.000000 20 0.0 0.0
200 4.5 0.120500 0 0 0.000000 20 0.0 0.0
200 4.6 0.121300 0 0 0.000000 20 0.0 0.0
200 4.7 0.110250 0 0 0.000000 20 0.0 0.0
200 4.8 0.121400 0 0 0.000000 20 0.0 0.0
200 4.9 0.113100 0 0 0.000000 20 0.0 0.0
200 5.0 0.119300 0 0 0.000000 20 0.0 0.0
