50 3.0 0.080700 0 0 0.000000 20 0.0 0.0
50 3.1 0.085550 0 0 0.000000 20 0.0 0.0
50 3.2 0.081050 0 0 0.000000 20 0.0 0.0
50 3.3 0.081750 0 0 0.000000 20 0.0 0.0
50 3.4 0.081300 0 0 0.000000 20 0.0 0.0
50 3.5 0.080250 0 0 0.000000 20 0.0 0.0
50 3.6 0.084650 0 0 0.000000 20 0.0 0.0
50 3.7 0.087550 0 0 0.000000 20 0.0 0.0
50 3.8 0.083450 0 0 0.000000 20 0.0 0.0
50 3.9 0.081250 0 0 0.000000 20 0.0 0.0
50 4.0 0.079300 0 0 0.000000 20 0.0 0.0
50 4.1 0.080300 0 0 0.000000 20 0.0 0.0
50 4.2 0.080600 0 0 0.000000 20 0.0 0.0
50 4.3 0.083950 0 0 0.000000 20 0.0 0.0
50 4.4 0.083300 0 0 0.000000 20 0.0 0.0
50 4.5 0.087000 0 0 0.000000 20 0.0 0.0
50 4.6 0.086100 0 0 0.000000 20 0.0 0.0
50 4.7 0.083550 0 0 0.000000 20 0.0 0.0
50 4.8 0.082350 0 0 0.000000 20 0.0 0.0
50 4.9 0.085600 0 0 0.000000 20 0.0 0.0
50 5.0 0.090050 0 0 0.000000 20 0.0 0.0
60 3.0 0.083100 0 0 0.000000 20 0.0 0.0
60 3.1 0.081100 0 0 0.000000 20 0.0 0.0
60 3.2 0.080300 0 0 0.000000 20 0.0 0.0
60 3.3 0.084950 0 0 0.000000 20 0.0 0.0
60 3.4 0.079500 0 0 0.000000 20 0.0 0.0
60 3.5 0.081250 0 0 0.000000 20 0.0 0.0
60 3.6 0.085300 0 0 0.000000 20 0.0 0.0
60 3.7 0.081550 0 0 0.000000 20 0.0 0.0
60 3.8 0.083000 0 0 0.000000 20 0.0 0.0
60 3.9 0.081850 0 0 0.000000 20 0.0 0.0
60 4.0 0.084200 0 0 0.000000 20 0.0 0.0
60 4.1 0.084050 0 0 0.000000 20 0.0 0.0
60 4.2 0.088600 0 0 0.000000 20 0.0 0.0
60 4.3 0.086800 0 0 0.000000 20 0.0 0.0
60 4.4 0.085500 0 0 0.000000 20 0.0 0.0
60 4.5 0.090500 0 0 0.000000 20 0.0 0.0
60 4.6 0.091200 0 0 0.000000 20 0.0 0.0
60 4.7 0.085750 0 0 0.000000 20 0.0 0.0
60 4.8 0.085150 0 0 0.000000 20 0.0 0.0
60 4.9 0.085300 0 0 0.000000 20 0.0 0.0
60 5.0 0.089050 0 0 0.000000 20 0.0 0.0
70 3.0 0.082150 0 0 0.000000 20 0.0 0.0
70 3.1 0.084500 0 0 0.000000 20 0.0 0.0
70 3.2 0.086000 0 0 0.000000 20 0.0 0.0
70 3.3 0.085100 0 0 0.000000 20 0.0 0.0
70 3.4 0.081950 0 0 0.000000 20 0.0 0.0
70 3.5 0.083250 0 0 0.000000 20 0.0 0.0
70 3.6 0.081550 0 0 0.000000 20 0.0 0.0
70 3.7 0.080350 0 0 0.000000 20 0.0 0.0
70 3.8 0.084650 0 0 0.000000 20 0.0 0.0
70 3.9 0.085600 0 0 0.000000 20 0.0 0.0
70 4.0 0.086400 0 0 0.000000 20 0.0 0.0
70 4.1 0.081150 0 0 0.000000 20 0.0 0.0
70 4.2 0.086050 0 0 0.000000 20 0.0 0.0
70 4.3 0.083900 0 0 0.000000 20 0.0 0.0
70 4.4 0.086950 0 0 0.000000 20 0.0 0.0
70 4.5 0.087300 0 0 0.000000 20 0.0 0.0
70 4.6 0.090400 0 0 0.000000 20 0.0 0.0
70 4.7 0.085700 0 0 0.000000 20 0.0 0.0
70 4.8 0.089000 0 0 0.000000 20 0.0 0.0
70 4.9 0.089000 0 0 0.000000 20 0.0 0.0
70 5.0 0.094150 0 0 0.000000 20 0.0 0.0
80 3.0 0.086800 0 0 0.000000 20 0.0 0.0
80 3.1 0.087950 0 0 0.000000 20 0.0 0.0
80 3.2 0.084900 0 0 0.000000 20 0.0 0.0
80 3.3 0.084150 0 0 0.000000 20 0.0 0.0
80 3.4 0.083350 0 0 0.000000 20 0.0 0.0
80 3.5 0.086850 0 0 0.000000 20 0.0 0.0
80 3.6 0.081000 0 0 0.000000 20 0.0 0.0
80 3.7 0.088000 0 0 0.000000 20 0.0 0.0
80 3.8 0.085300 0 0 0.000000 20 0.0 0.0
80 3.9 0.081100 0 0 0.000000 20 0.0 0.0
80 4.0 0.088050 0 0 0.000000 20 0.0 0.0
80 4.1 0.091200 0 0 0.000000 20 0.0 0.0
80 4.2 0.086700 0 0 0.000000 20 0.0 0.0
80 4.3 0.092900 0 0 0.000000 20 0.0 0.0
80 4.4 0.084800 0 0 0.000000 20 0.0 0.0
80 4.5 0.087950 0 0 0.000000 20 0.0 0.0
80 4.6 0.086800 0 0 0.000000 20 0.0 0.0
80 4.7 0.086500 0 0 0.000000 20 0.0 0.0
80 4.8 0.086050 0 0 0.000000 20 0.0 0.0
80 4.9 0.092250 0 0 0.000000 20 0.0 0.0
80 5.0 0.093850 0 0 0.000000 20 0.0 0.0
90 3.0 0.086000 0 0 0.000000 20 0.0 0.0
90 3.1 0.082200 0 0 0.000000 20 0.0 0.0
90 3.2 0.085650 0 0 0.000000 20 0.0 0.0
90 3.3 0.087550 0 0 0.000000 20 0.0 0.0
90 3.4 0.089850 0 0 0.000000 20 0.0 0.0
90 3.5 0.082650 0 0 0.000000 20 0.0 0.0
90 3.6 0.089850 0 0 0.000000 20 0.0 0.0
90 3.7 0.088900 0 0 0.000000 20 0.0 0.0
90 3.8 0.096800 0 0 0.000000 20 0.0 0.0
90 3.9 0.095800 0 0 0.000000 20 0.0 0.0
90 4.0 0.084850 0 0 0.000000 20 0.0 0.0
90 4.1 0.086800 0 0 0.000000 20 0.0 0.0
90 4.2 0.084550 0 0 0.000000 20 0.0 0.0
90 4.3 0.087600 0 0 0.000000 20 0.0 0.0
90 4.4 0.091400 0 0 0.000000 20 0.0 0.0
90 4.5 0.083150 0 0 0.000000 20 0.0 0.0
90 4.6 0.087850 0 0 0.000000 20 0.0 0.0
90 4.7 0.084750 0 0 0.000000 20 0.0 0.0
90 4.8 0.089100 0 0 0.000000 20 0.0 0.0
90 4.9 0.089750 0 0 0.000000 20 0.0 0.0
90 5.0 0.094900 0 0 0.000000 20 0.0 0.0
100 3.0 0.082400 0 0 0.000000 20 0.0 0.0
100 3.1 0.090700 0 0 0.000000 20 0.0 0.0
100 3.2 0.083300 0 0 0.000000 20 0.0 0.0
100 3.3 0.088550 0 0 0.000000 20 0.0 0.0
100 3.4 0.088900 0 0 0.000000 20 0.0 0.0
100 3.5 0.087350 0 0 0.000000 20 0.0 0.0
100 3.6 0.087900 0 0 0.000000 20 0.0 0.0
100 3.7 0.088550 0 0 0.000000 20 0.0 0.0
100 3.8 0.087050 0 0 0.000000 20 0.0 0.0
100 3.9 0.091900 0 0 0.000000 20 0.0 0.0
100 4.0 0.090450 0 0 0.000000 20 0.0 0.0
100 4.1 0.091050 0 0 0.000000 20 0.0 0.0
100 4.2 0.086400 0 0 0.000000 20 0.0 0.0
100 4.3 0.093150 0 0 0.000000 20 0.0 0.0
100 4.4 0.095200 0 0 0.000000 20 0.0 0.0
100 4.5 0.090050 0 0 0.000000 20 0.0 0.0
100 4.6 0.092700 0 0 0.000000 20 0.0 0.0
100 4.7 0.092650 0 0 0.000000 20 0.0 0.0
100 4.8 0.093550 0 0 0.000000 20 0.0 0.0
100 4.9 0.091050 0 0 0.000000 20 0.0 0.0
100 5.0 0.098200 0 0 0.000000 20 0.0 0.0
110 3.0 0.084750 0 0 0.000000 20 0.0 0.0
110 3.1 0.088550 0 0 0.000000 20 0.0 0.0
110 3.2 0.089700 0 0 0.000000 20 0.0 0.0
110 3.3 0.087800 0 0 0.000000 20 0.0 0.0
110 3.4 0.087200 0 0 0.000000 20 0.0 0.0
110 3.5 0.088950 0 0 0.000000 20 0.0 0.0
110 3.6 0.087350 0 0 0.000000 20 0.0 0.0
110 3.7 0.084650 0 0 0.000000 20 0.0 0.0
110 3.8 0.089350 0 0 0.000000 20 0.0 0.0
110 3.9 0.082200 0 0 0.000000 20 0.0 0.0
110 4.0 0.093400 0 0 0.000000 20 0.0 0.0
110 4.1 0.094900 0 0 0.000000 20 0.0 0.0
110 4.2 0.086550 0 0 0.000000 20 0.0 0.0
110 4.3 0.089650 0 0 0.000000 20 0.0 0.0
110 4.4 0.096850 0 0 0.000000 20 0.0 0.0
110 4.5 0.090750 0 0 0.000000 20 0.0 0.0
110 4.6 0.096800 0 0 0.000000 20 0.0 0.0
110 4.7 0.091550 0 0 0.000000 20 0.0 0.0
110 4.8 0.097400 0 0 0.000000 20 0.0 0.0
110 4.9 0.095400 0 0 0.000000 20 0.0 0.0
110 5.0 0.094150 0 0 0.000000 20 0.0 0.0
120 3.0 0.090650 0 0 0.000000 20 0.0 0.0
120 3.1 0.091700 0 0 0.000000 20 0.0 0.0
120 3.2 0.086000 0 0 0.000000 20 0.0 0.0
120 3.3 0.088550 0 0 0.000000 20 0.0 0.0
120 3.4 0.089800 0 0 0.000000 20 0.0 0.0
120 3.5 0.088150 0 0 0.000000 20 0.0 0.0
120 3.6 0.086300 0 0 0.000000 20 0.0 0.0
120 3.7 0.094800 0 0 0.000000 20 0.0 0.0
120 3.8 0.094200 0 0 0.000000 20 0.0 0.0
120 3.9 0.095300 0 0 0.000000 20 0.0 0.0
120 4.0 0.095100 0 0 0.000000 20 0.0 0.0
120 4.1 0.095000 0 0 0.000000 20 0.0 0.0
120 4.2 0.089250 0 0 0.000000 20 0.0 0.0
120 4.3 0.093550 0 0 0.000000 20 0.0 0.0
120 4.4 0.098600 0 0 0.000000 20 0.0 0.0
120 4.5 0.095300 0 0 0.000000 20 0.0 0.0
120 4.6 0.095500 0 0 0.000000 20 0.0 0.0
120 4.7 0.096950 0 0 0.000000 20 0.0 0.0
120 4.8 0.101850 0 0 0.000000 20 0.0 0.0
120 4.9 0.097000 0 0 0.000000 20 0.0 0.0
120 5.0 0.095250 0 0 0.000000 20 0.0 0.0
130 3.0 0.088300 0 0 0.000000 20 0.0 0.0
130 3.1 0.089200 0 0 0.000000 20 0.0 0.0
130 3.2 0.085550 0 0 0.000000 20 0.0 0.0
130 3.3 0.090900 0 0 0.000000 20 0.0 0.0
130 3.4 0.092650 0 0 0.000000 20 0.0 0.0
130 3.5 0.088600 0 0 0.000000 20 0.0 0.0
130 3.6 0.096050 0 0 0.000000 20 0.0 0.0
130 3.7 0.090800 0 0 0.000000 20 0.0 0.0
130 3.8 0.097700 0 0 0.000000 20 0.0 0.0
130 3.9 0.093650 0 0 0.000000 20 0.0 0.0
130 4.0 0.094650 0 0 0.000000 20 0.0 0.0
130 4.1 0.091200 0 0 0.000000 20 0.0 0.0
130 4.2 0.088950 0 0 0.000000 20 0.0 0.0
130 4.3 0.094950 0 0 0.000000 20 0.0 0.0
130 4.4 0.093450 0 0 0.000000 20 0.0 0.0
130 4.5 0.100300 0 0 0.000000 20 0.0 0.0
130 4.6 0.090400 0 0 0.000000 20 0.0 0.0
130 4.7 0.097500 0 0 0.000000 20 0.0 0.0
130 4.8 0.094650 0 0 0.000000 20 0.0 0.0
130 4.9 0.093300 0 0 0.000000 20 0.0 0.0
130 5.0 0.101350 0 0 0.000000 20 0.0 0.0
140 3.0 0.090800 0 0 0.000000 20 0.0 0.0
140 3.1 0.094250 0 0 0.000000 20 0.0 0.0
140 3.2 0.086850 0 0 0.000000 20 0.0 0.0
140 3.3 0.090600 0 0 0.000000 20 0.0 0.0
140 3.4 0.094700 0 0 0.000000 20 0.0 0.0
140 3.5 0.097950 0 0 0.000000 20 0.0 0.0
140 3.6 0.102950 0 0 0.000000 20 0.0 0.0
140 3.7 0.092850 0 0 0.000000 20 0.0 0.0
140 3.8 0.096550 0 0 0.000000 20 0.0 0.0
140 3.9 0.092900 0 0 0.000000 20 0.0 0.0
140 4.0 0.099950 0 0 0.000000 20 0.0 0.0
140 4.1 0.096350 0 0 0.000000 20 0.0 0.0
140 4.2 0.093400 0 0 0.000000 20 0.0 0.0
140 4.3 0.095350 0 0 0.000000 20 0.0 0.0
140 4.4 0.095700 0 0 0.000000 20 0.0 0.0
140 4.5 0.100850 0 0 0.000000 20 0.0 0.0
140 4.6 0.094000 0 0 0.000000 20 0.0 0.0
140 4.7 0.098700 0 0 0.000000 20 0.0 0.0
140 4.8 0.097900 0 0 0.000000 20 0.0 0.0
140 4.9 0.100250 0 0 0.000000 20 0.0 0.0
140 5.0 0.107950 0 0 0.000000 20 0.0 0.0
150 3.0 0.093400 0 0 0.000000 20 0.0 0.0
150 3.1 0.086200 0 0 0.000000 20 0.0 0.0
150 3.2 0.087000 0 0 0.000000 20 0.0 0.0
150 3.3 0.100200 0 0 0.000000 20 0.0 0.0
150 3.4 0.090550 0 0 0.000000 20 0.0 0.0
150 3.5 0.093500 0 0 0.000000 20 0.0 0.0
150 3.6 0.092850 0 0 0.000000 20 0.0 0.0
150 3.7 0.096050 0 0 0.000000 20 0.0 0.0
150 3.8 0.098050 0 0 0.000000 20 0.0 0.0
150 3.9 0.094550 0 0 0.000000 20 0.0 0.0
150 4.0 0.097600 0 0 0.000000 20 0.0 0.0
150 4.1 0.093950 0 0 0.000000 20 0.0 0.0
150 4.2 0.102750 0 0 0.000000 20 0.0 0.0
150 4.3 0.094600 0 0 0.000000 20 0.0 0.0
150 4.4 0.096250 0 0 0.000000 20 0.0 0.0
150 4.5 0.100600 0 0 0.000000 20 0.0 0.0
150 4.6 0.095600 0 0 0.000000 20 0.0 0.0
150 4.7 0.101100 0 0 0.000000 20 0.0 0.0
150 4.8 0.098850 0 0 0.000000 20 0.0 0.0
150 4.9 0.095900 0 0 0.000000 20 0.0 0.0
150 5.0 0.104000 0 0 0.000000 20 0.0 0.0
160 3.0 0.090600 0 0 0.000000 20 0.0 0.0
160 3.1 0.092850 0 0 0.000000 20 0.0 0.0
160 3.2 0.097450 0 0 0.000000 20 0.0 0.0
160 3.3 0.098100 0 0 0.000000 20 0.0 0.0
160 3.4 0.097950 0 0 0.000000 20 0.0 0.0
160 3.5 0.102900 0 0 0.000000 20 0.0 0.0
160 3.6 0.093200 0 0 0.000000 20 0.0 0.0
160 3.7 0.092100 0 0 0.000000 20 0.0 0.0
160 3.8 0.097850 0 0 0.000000 20 0.0 0.0
160 3.9 0.099300 0 0 0.000000 20 0.0 0.0
160 4.0 0.096550 0 0 0.000000 20 0.0 0.0
160 4.1 0.097450 0 0 0.000000 20 0.0 0.0
160 4.2 0.094950 0 0 0.000000 20 0.0 0.0
160 4.3 0.101050 0 0 0.000000 20 0.0 0.0
160 4.4 0.099150 0 0 0.000000 20 0.0 0.0
160 4.5 0.097750 0 0 0.000000 20 0.0 0.0
160 4.6 0.102650 0 0 0.000000 20 0.0 0.0
160 4.7 0.097700 0 0 0.000000 20 0.0 0.0
160 4.8 0.100650 0 0 0.000000 20 0.0 0.0
160 4.9 0.097700 0 0 0.000000 20 0.0 0.0
160 5.0 0.101050 0 0 0.000000 20 0.0 0.0
170 3.0 0.101150 0 0 0.000000 20 0.0 0.0
170 3.1 0.094800 0 0 0.000000 20 0.0 0.0
170 3.2 0.094200 0 0 0.000000 20 0.0 0.0
170 3.3 0.092250 0 0 0.000000 20 0.0 0.0
170 3.4 0.092600 0 0 0.000000 20 0.0 0.0
170 3.5 0.101300 0 0 0.000000 20 0.0 0.0
170 3.6 0.097550 0 0 0.000000 20 0.0 0.0
170 3.7 0.092400 0 0 0.000000 20 0.0 0.0
170 3.8 0.095200 0 0 0.000000 20 0.0 0.0
170 3.9 0.097250 0 0 0.000000 20 0.0 0.0
170 4.0 0.099700 0 0 0.000000 20 0.0 0.0
170 4.1 0.100850 0 0 0.000000 20 0.0 0.0
170 4.2 0.103850 0 0 0.000000 20 0.0 0.0
170 4.3 0.102400 0 0 0.000000 20 0.0 0.0
170 4.4 0.103400 0 0 0.000000 20 0.0 0.0
170 4.5 0.108450 0 0 0.000000 20 0.0 0.0
170 4.6 0.100850 0 0 0.000000 20 0.0 0.0
170 4.7 0.104550 0 0 0.000000 20 0.0 0.0
170 4.8 0.107000 0 0 0.000000 20 0.0 0.0
170 4.9 0.105400 0 0 0.000000 20 0.0 0.0
170 5.0 0.105000 0 0 0.000000 20 0.0 0.0
180 3.0 0.090500 0 0 0.000000 20 0.0 0.0
180 3.1 0.094150 0 0 0.000000 20 0.0 0.0
180 3.2 0.097500 0 0 0.000000 20 0.0 0.0
180 3.3 0.093650 0 0 0.000000 20 0.0 0.0
180 3.4 0.091450 0 0 0.000000 20 0.0 0.0
180 3.5 0.094500 0 0 0.000000 20 0.0 0.0
180 3.6 0.102950 0 0 0.000000 20 0.0 0.0
180 3.7 0.096400 0 0 0.000000 20 0.0 0.0
180 3.8 0.100900 0 0 0.000000 20 0.0 0.0
180 3.9 0.100850 0 0 0.000000 20 0.0 0.0
180 4.0 0.099200 0 0 0.000000 20 0.0 0.0
180 4.1 0.095200 0 0 0.000000 20 0.0 0.0
180 4.2 0.099700 0 0 0.000000 20 0.0 0.0
180 4.3 0.097500 0 0 0.000000 20 0.0 0.0
180 4.4 0.106950 0 0 0.000000 20 0.0 0.0
180 4.5 0.099750 0 0 0.000000 20 0.0 0.0
180 4.6 0.100900 0 0 0.000000 20 0.0 0.0
180 4.7 0.103050 0 0 0.000000 20 0.0 0.0
180 4.8 0.108350 0 0 0.000000 20 0.0 0.0
180 4.9 0.102700 0 0 0.000000 20 0.0 0.0
180 5.0 0.108300 0 0 0.000000 20 0.0 0.0
190 3.0 0.096550 0 0 0.000000 20 0.0 0.0
190 3.1 0.095100 0 0 0.000000 20 0.0 0.0
190 3.2 0.090600 0 0 0.000000 20 0.0 0.0
190 3.3 0.101400 0 0 0.000000 20 0.0 0.0
190 3.4 0.104900 0 0 0.000000 20 0.0 0.0
190 3.5 0.097150 0 0 0.000000 20 0.0 0.0
190 3.6 0.096950 0 0 0.000000 20 0.0 0.0
190 3.7 0.102000 0 0 0.000000 20 0.0 0.0
190 3.8 0.097350 0 0 0.000000 20 0.0 0.0
190 3.9 0.100000 0 0 0.000000 20 0.0 0.0
190 4.0 0.103350 0 0 0.000000 20 0.0 0.0
190 4.1 0.098500 0 0 0.000000 20 0.0 0.0
190 4.2 0.104800 0 0 0.000000 20 0.0 0.0
190 4.3 0.106550 0 0 0.000000 20 0.0 0.0
190 4.4 0.098150 0 0 0.000000 20 0.0 0.0
190 4.5 0.100950 0 0 0.000000 20 0.0 0.0
190 4.6 0.107350 0 0 0.000000 20 0.0 0.0
190 4.7 0.110650 0 0 0.000000 20 0.0 0.0
190 4.8 0.113400 0 0 0.000000 20 0.0 0.0
190 4.9 0.117650 0 0 0.000000 20 0.0 0.0
190 5.0 0.115300 0 0 0.000000 20 0.0 0.0
200 3.0 0.095100 0 0 0.000000 20 0.0 0.0
200 3.1 0.097500 0 0 0.000000 20 0.0 0.0
200 3.2 0.104950 0 0 0.000000 20 0.0 0.0
200 3.3 0.104650 0 0 0.000000 20 0.0 0.0
200 3.4 0.105800 0 0 0.000000 20 0.0 0.0
200 3.5 0.103600 0 0 0.000000 20 0.0 0.0
200 3.6 0.096900 0 0 0.000000 20 0.0 0.0
200 3.7 0.104600 0 0 0.000000 20 0.0 0.0
200 3.8 0.105500 0 0 0.000000 20 0.0 0.0
200 3.9 0.110400 0 0 0.000000 20 0.0 0.0
200 4.0 0.109750 0 0 0.000000 20 0.0 0.0
200 4.1 0.111700 0 0 0.000000 20 0.0 0.0
200 4.2 0.110700 0 0 0.000000 20 0.0 0.0
200 4.3 0.114550 0 0 0.000000 20 0.0 0.0
200 4.4 0.103650 0 0 0.000000 20 0.0 0.0
200 4.5 0.114050 0 0 0.000000 20 0.0 0.0
200 4.6 0.114000 0 0 0.000000 20 0.0 0.0
200 4.7 0.109450 0 0 0.000000 20 0.0 0.0
200 4.8 0.111700 0 0 0.000000 20 0.0 0.0
200 4.9 0.115850 0 0 0.000000 20 0.0 0.0
200 5.0 0.113900 0 0 0.000000 20 0.0 0.0
