50 3.0 0.079250 0 0 0.000000 20 0.0 0.0
50 3.1 0.080500 0 0 0.000000 20 0.0 0.0
50 3.2 0.083950 0 0 0.000000 20 0.0 0.0
50 3.3 0.084900 0 0 0.000000 20 0.0 0.0
50 3.4 0.082650 0 0 0.000000 20 0.0 0.0
50 3.5 0.085100 0 0 0.000000 20 0.0 0.0
50 3.6 0.083150 0 0 0.000000 20 0.0 0.0
50 3.7 0.079950 0 0 0.000000 20 0.0 0.0
50 3.8 0.078200 0 0 0.000000 20 0.0 0.0
50 3.9 0.082000 0 0 0.000000 20 0.0 0.0
50 4.0 0.081700 0 0 0.000000 20 0.0 0.0
50 4.1 0.082950 0 0 0.000000 20 0.0 0.0
50 4.2 0.082350 0 0 0.000000 20 0.0 0.0
50 4.3 0.081700 0 0 0.000000 20 0.0 0.0
50 4.4 0.080000 0 0 0.000000 20 0.0 0.0
50 4.5 0.080750 0 0 0.000000 20 0.0 0.0
50 4.6 0.078250 0 0 0.000000 20 0.0 0.0
50 4.7 0.082500 0 0 0.000000 20 0.0 0.0
50 4.8 0.085700 0 0 0.000000 20 0.0 0.0
50 4.9 0.084600 0 0 0.000000 20 0.0 0.0
50 5.0 0.080600 0 0 0.000000 20 0.0 0.0
60 3.0 0.082000 0 0 0.000000 20 0.0 0.0
60 3.1 0.076400 0 0 0.000000 20 0.0 0.0
60 3.2 0.081000 0 0 0.000000 20 0.0 0.0
60 3.3 0.081450 0 0 0.000000 20 0.0 0.0
60 3.4 0.077300 0 0 0.000000 20 0.0 0.0
60 3.5 0.080800 0 0 0.000000 20 0.0 0.0
60 3.6 0.080500 0 0 0.000000 20 0.0 0.0
60 3.7 0.083250 0 0 0.000000 20 0.0 0.0
60 3.8 0.083050 0 0 0.000000 20 0.0 0.0
60 3.9 0.089050 0 0 0.000000 20 0.0 0.0
60 4.0 0.081000 0 0 0.000000 20 0.0 0.0
60 4.1 0.081700 0 0 0.000000 20 0.0 0.0
60 4.2 0.082250 0 0 0.000000 20 0.0 0.0
60 4.3 0.080600 0 0 0.000000 20 0.0 0.0
60 4.4 0.082100 0 0 0.000000 20 0.0 0.0
60 4.5 0.088500 0 0 0.000000 20 0.0 0.0
60 4.6 0.081450 0 0 0.000000 20 0.0 0.0
60 4.7 0.084650 0 0 0.000000 20 0.0 0.0
60 4.8 0.083100 0 0 0.000000 20 0.0 0.0
60 4.9 0.082300 0 0 0.000000 20 0.0 0.0
60 5.0 0.085250 0 0 0.000000 20 0.0 0.0
70 3.0 0.081850 0 0 0.000000 20 0.0 0.0
70 3.1 0.079750 0 0 0.000000 20 0.0 0.0
70 3.2 0.086400 0 0 0.000000 20 0.0 0.0
70 3.3 0.079850 0 0 0.000000 20 0.0 0.0
70 3.4 0.082350 0 0 0.000000 20 0.0 0.0
70 3.5 0.080150 0 0 0.000000 20 0.0 0.0
70 3.6 0.085050 0 0 0.000000 20 0.0 0.0
70 3.7 0.081400 0 0 0.000000 20 0.0 0.0
70 3.8 0.086400 0 0 0.000000 20 0.0 0.0
70 3.9 0.080650 0 0 0.000000 20 0.0 0.0
70 4.0 0.081050 0 0 0.000000 20 0.0 0.0
70 4.1 0.087650 0 0 0.000000 20 0.0 0.0
70 4.2 0.081850 0 0 0.000000 20 0.0 0.0
70 4.3 0.087450 0 0 0.000000 20 0.0 0.0
70 4.4 0.084400 0 0 0.000000 20 0.0 0.0
70 4.5 0.089250 0 0 0.000000 20 0.0 0.0
70 4.6 0.082400 0 0 0.000000 20 0.0 0.0
70 4.7 0.085600 0 0 0.000000 20 0.0 0.0
70 4.8 0.085800 0 0 0.000000 20 0.0 0.0
70 4.9 0.088650 0 0 0.000000 20 0.0 0.0
70 5.0 0.086100 0 0 0.000000 20 0.0 0.0
80 3.0 0.083350 0 0 0.000000 20 0.0 0.0
80 3.1 0.080350 0 0 0.000000 20 0.0 0.0
80 3.2 0.080750 0 0 0.000000 20 0.0 0.0
80 3.3 0.084450 0 0 0.000000 20 0.0 0.0
80 3.4 0.081000 0 0 0.000000 20 0.0 0.0
80 3.5 0.079700 0 0 0.000000 20 0.0 0.0
80 3.6 0.090250 0 0 0.000000 20 0.0 0.0
80 3.7 0.082100 0 0 0.000000 20 0.0 0.0
80 3.8 0.082950 0 0 0.000000 20 0.0 0.0
80 3.9 0.084050 0 0 0.000000 20 0.0 0.0
80 4.0 0.085700 0 0 0.000000 20 0.0 0.0
80 4.1 0.082150 0 0 0.000000 20 0.0 0.0
80 4.2 0.082100 0 0 0.000000 20 0.0 0.0
80 4.3 0.092750 0 0 0.000000 20 0.0 0.0
80 4.4 0.087600 0 0 0.000000 20 0.0 0.0
80 4.5 0.081900 0 0 0.000000 20 0.0 0.0
80 4.6 0.090550 0 0 0.000000 20 0.0 0.0
80 4.7 0.086100 0 0 0.000000 20 0.0 0.0
80 4.8 0.088400 0 0 0.000000 20 0.0 0.0
80 4.9 0.085100 0 0 0.000000 20 0.0 0.0
80 5.0 0.084150 0 0 0.000000 20 0.0 0.0
90 3.0 0.079500 0 0 0.000000 20 0.0 0.0
90 3.1 0.085000 0 0 0.000000 20 0.0 0.0
90 3.2 0.082600 0 0 0.000000 20 0.0 0.0
90 3.3 0.082100 0 0 0.000000 20 0.0 0.0
90 3.4 0.084750 0 0 0.000000 20 0.0 0.0
90 3.5 0.085000 0 0 0.000000 20 0.0 0.0
90 3.6 0.085600 0 0 0.000000 20 0.0 0.0
90 3.7 0.086400 0 0 0.000000 20 0.0 0.0
90 3.8 0.085600 0 0 0.000000 20 0.0 0.0
90 3.9 0.086550 0 0 0.000000 20 0.0 0.0
90 4.0 0.086050 0 0 0.000000 20 0.0 0.0
90 4.1 0.083300 0 0 0.000000 20 0.0 0.0
90 4.2 0.084150 0 0 0.000000 20 0.0 0.0
90 4.3 0.089050 0 0 0.000000 20 0.0 0.0
90 4.4 0.084200 0 0 0.000000 20 0.0 0.0
90 4.5 0.086200 0 0 0.000000 20 0.0 0.0
90 4.6 0.084900 0 0 0.000000 20 0.0 0.0
90 4.7 0.089350 0 0 0.000000 20 0.0 0.0
90 4.8 0.087650 0 0 0.000000 20 0.0 0.0
90 4.9 0.085400 0 0 0.050000 20 1.0 2.0
90 5.0 0.090800 0 0 0.000000 20 0.0 0.0
100 3.0 0.083050 0 0 0.000000 20 0.0 0.0
100 3.1 0.082450 0 0 0.000000 20 0.0 0.0
100 3.2 0.082750 0 0 0.000000 20 0.0 0.0
100 3.3 0.081900 0 0 0.000000 20 0.0 0.0
100 3.4 0.083350 0 0 0.000000 20 0.0 0.0
100 3.5 0.084100 0 0 0.000000 20 0.0 0.0
100 3.6 0.092450 0 0 0.000000 20 0.0 0.0
100 3.7 0.087250 0 0 0.000000 20 0.0 0.0
100 3.8 0.090300 0 0 0.000000 20 0.0 0.0
100 3.9 0.083550 0 0 0.000000 20 0.0 0.0
100 4.0 0.086150 0 0 0.000000 20 0.0 0.0
100 4.1 0.097050 0 0 0.000000 20 0.0 0.0
100 4.2 0.087350 0 0 0.000000 20 0.0 0.0
100 4.3 0.085100 0 0 0.000000 20 0.0 0.0
100 4.4 0.091050 0 0 0.000000 20 0.0 0.0
100 4.5 0.086150 0 0 0.000000 20 0.0 0.0
100 4.6 0.089150 0 0 0.000000 20 0.0 0.0
100 4.7 0.092550 0 0 0.000000 20 0.0 0.0
100 4.8 0.091800 0 0 0.000000 20 0.0 0.0
100 4.9 0.087800 0 0 0.000000 20 0.0 0.0
100 5.0 0.088850 0 0 0.000000 20 0.0 0.0
110 3.0 0.081300 0 0 0.000000 20 0.0 0.0
110 3.1 0.083750 0 0 0.000000 20 0.0 0.0
110 3.2 0.088050 0 0 0.000000 20 0.0 0.0
110 3.3 0.085350 0 0 0.000000 20 0.0 0.0
110 3.4 0.084050 0 0 0.000000 20 0.0 0.0
110 3.5 0.084450 0 0 0.000000 20 0.0 0.0
110 3.6 0.091900 0 0 0.000000 20 0.0 0.0
110 3.7 0.092750 0 0 0.000000 20 0.0 0.0
110 3.8 0.086400 0 0 0.000000 20 0.0 0.0
110 3.9 0.086550 0 0 0.000000 20 0.0 0.0
110 4.0 0.090850 0 0 0.000000 20 0.0 0.0
110 4.1 0.087950 0 0 0.000000 20 0.0 0.0
110 4.2 0.086850 0 0 0.000000 20 0.0 0.0
110 4.3 0.087450 0 0 0.000000 20 0.0 0.0
110 4.4 0.088800 0 0 0.000000 20 0.0 0.0
110 4.5 0.091050 0 0 0.000000 20 0.0 0.0
110 4.6 0.089000 0 0 0.000000 20 0.0 0.0
110 4.7 0.092500 0 0 0.000000 20 0.0 0.0
110 4.8 0.096450 0 0 0.000000 20 0.0 0.0
110 4.9 0.097150 0 0 0.000000 20 0.0 0.0
110 5.0 0.088850 0 0 0.000000 20 0.0 0.0
120 3.0 0.093350 0 0 0.000000 20 0.0 0.0
120 3.1 0.085700 0 0 0.000000 20 0.0 0.0
120 3.2 0.092600 0 0 0.000000 20 0.0 0.0
120 3.3 0.084500 0 0 0.000000 20 0.0 0.0
120 3.4 0.085850 0 0 0.000000 20 0.0 0.0
120 3.5 0.093900 0 0 0.000000 20 0.0 0.0
120 3.6 0.088150 0 0 0.000000 20 0.0 0.0
120 3.7 0.088550 0 0 0.000000 20 0.0 0.0
120 3.8 0.098500 0 0 0.000000 20 0.0 0.0
120 3.9 0.086300 0 0 0.000000 20 0.0 0.0
120 4.0 0.087850 0 0 0.000000 20 0.0 0.0
120 4.1 0.087950 0 0 0.000000 20 0.0 0.0
120 4.2 0.095800 0 0 0.000000 20 0.0 0.0
120 4.3 0.090950 0 0 0.000000 20 0.0 0.0
120 4.4 0.089750 0 0 0.000000 20 0.0 0.0
120 4.5 0.093750 0 0 0.000000 20 0.0 0.0
120 4.6 0.092050 0 0 0.000000 20 0.0 0.0
120 4.7 0.092400 0 0 0.000000 20 0.0 0.0
120 4.8 0.090150 0 0 0.000000 20 0.0 0.0
120 4.9 0.091300 0 0 0.000000 20 0.0 0.0
120 5.0 0.091250 0 0 0.000000 20 0.0 0.0
130 3.0 0.085400 0 0 0.000000 20 0.0 0.0
130 3.1 0.086950 0 0 0.000000 20 0.0 0.0
130 3.2 0.089050 0 0 0.000000 20 0.0 0.0
130 3.3 0.093400 0 0 0.000000 20 0.0 0.0
130 3.4 0.084800 0 0 0.000000 20 0.0 0.0
130 3.5 0.085850 0 0 0.000000 20 0.0 0.0
130 3.6 0.091800 0 0 0.000000 20 0.0 0.0
130 3.7 0.088400 0 0 0.000000 20 0.0 0.0
130 3.8 0.088600 0 0 0.000000 20 0.0 0.0
130 3.9 0.089700 0 0 0.000000 20 0.0 0.0
130 4.0 0.089950 0 0 0.000000 20 0.0 0.0
130 4.1 0.088150 0 0 0.000000 20 0.0 0.0
130 4.2 0.087650 0 0 0.000000 20 0.0 0.0
130 4.3 0.090150 0 0 0.000000 20 0.0 0.0
130 4.4 0.094050 0 0 0.000000 20 0.0 0.0
130 4.5 0.092650 0 0 0.000000 20 0.0 0.0
130 4.6 0.092550 0 0 0.000000 20 0.0 0.0
130 4.7 0.090600 0 0 0.000000 20 0.0 0.0
130 4.8 0.091950 0 0 0.000000 20 0.0 0.0
130 4.9 0.091950 0 0 0.000000 20 0.0 0.0
130 5.0 0.095800 0 0 0.000000 20 0.0 0.0
140 3.0 0.085250 0 0 0.000000 20 0.0 0.0
140 3.1 0.092600 0 0 0.000000 20 0.0 0.0
140 3.2 0.087550 0 0 0.000000 20 0.0 0.0
140 3.3 0.095350 0 0 0.000000 20 0.0 0.0
140 3.4 0.085400 0 0 0.000000 20 0.0 0.0
140 3.5 0.091000 0 0 0.000000 20 0.0 0.0
140 3.6 0.090750 0 0 0.000000 20 0.0 0.0
140 3.7 0.088100 0 0 0.000000 20 0.0 0.0
140 3.8 0.091000 0 0 0.000000 20 0.0 0.0
140 3.9 0.089300 0 0 0.000000 20 0.0 0.0
140 4.0 0.087100 0 0 0.000000 20 0.0 0.0
140 4.1 0.091550 0 0 0.000000 20 0.0 0.0
140 4.2 0.091850 0 0 0.000000 20 0.0 0.0
140 4.3 0.093750 0 0 0.000000 20 0.0 0.0
140 4.4 0.098100 0 0 0.000000 20 0.0 0.0
140 4.5 0.101150 0 0 0.000000 20 0.0 0.0
140 4.6 0.090600 0 0 0.000000 20 0.0 0.0
140 4.7 0.092150 0 0 0.000000 20 0.0 0.0
140 4.8 0.091600 0 0 0.000000 20 0.0 0.0
140 4.9 0.095250 0 0 0.000000 20 0.0 0.0
140 5.0 0.093500 0 0 0.000000 20 0.0 0.0
150 3.0 0.085050 0 0 0.000000 20 0.0 0.0
150 3.1 0.084050 0 0 0.000000 20 0.0 0.0
150 3.2 0.091000 0 0 0.000000 20 0.0 0.0
150 3.3 0.085450 0 0 0.000000 20 0.0 0.0
150 3.4 0.099800 0 0 0.000000 20 0.0 0.0
150 3.5 0.088100 0 0 0.000000 20 0.0 0.0
150 3.6 0.089800 0 0 0.000000 20 0.0 0.0
150 3.7 0.089750 0 0 0.000000 20 0.0 0.0
150 3.8 0.093850 0 0 0.000000 20 0.0 0.0
150 3.9 0.088350 0 0 0.000000 20 0.0 0.0
150 4.0 0.098250 0 0 0.000000 20 0.0 0.0
150 4.1 0.098700 0 0 0.000000 20 0.0 0.0
150 4.2 0.092350 0 0 0.000000 20 0.0 0.0
150 4.3 0.091250 0 0 0.000000 20 0.0 0.0
150 4.4 0.096300 0 0 0.000000 20 0.0 0.0
150 4.5 0.092150 0 0 0.000000 20 0.0 0.0
150 4.6 0.095100 0 0 0.000000 20 0.0 0.0
150 4.7 0.098300 0 0 0.000000 20 0.0 0.0
150 4.8 0.096000 0 0 0.000000 20 0.0 0.0
150 4.9 0.098950 0 0 0.000000 20 0.0 0.0
150 5.0 0.093800 0 0 0.000000 20 0.0 0.0
160 3.0 0.084550 0 0 0.000000 20 0.0 0.0
160 3.1 0.088950 0 0 0.000000 20 0.0 0.0
160 3.2 0.094100 0 0 0.000000 20 0.0 0.0
160 3.3 0.087800 0 0 0.000000 20 0.0 0.0
160 3.4 0.088100 0 0 0.000000 20 0.0 0.0
160 3.5 0.097200 0 0 0.000000 20 0.0 0.0
160 3.6 0.091500 0 0 0.000000 20 0.0 0.0
160 3.7 0.097950 0 0 0.000000 20 0.0 0.0
160 3.8 0.094100 0 0 0.000000 20 0.0 0.0
160 3.9 0.102300 0 0 0.000000 20 0.0 0.0
160 4.0 0.093750 0 0 0.000000 20 0.0 0.0
160 4.1 0.093150 0 0 0.000000 20 0.0 0.0
160 4.2 0.090750 0 0 0.000000 20 0.0 0.0
160 4.3 0.099050 0 0 0.000000 20 0.0 0.0
160 4.4 0.093550 0 0 0.000000 20 0.0 0.0
160 4.5 0.093150 0 0 0.000000 20 0.0 0.0
160 4.6 0.096850 0 0 0.000000 20 0.0 0.0
160 4.7 0.100650 0 0 0.000000 20 0.0 0.0
160 4.8 0.098300 0 0 0.000000 20 0.0 0.0
160 4.9 0.098850 0 0 0.000000 20 0.0 0.0
160 5.0 0.101200 0 0 0.000000 20 0.0 0.0
170 3.0 0.092900 0 0 0.000000 20 0.0 0.0
170 3.1 0.090600 0 0 0.000000 20 0.0 0.0
170 3.2 0.087600 0 0 0.000000 20 0.0 0.0
170 3.3 0.092850 0 0 0.000000 20 0.0 0.0
170 3.4 0.096600 0 0 0.000000 20 0.0 0.0
170 3.5 0.088400 0 0 0.000000 20 0.0 0.0
170 3.6 0.089000 0 0 0.000000 20 0.0 0.0
170 3.7 0.091300 0 0 0.000000 20 0.0 0.0
170 3.8 0.092250 0 0 0.000000 20 0.0 0.0
170 3.9 0.093650 0 0 0.000000 20 0.0 0.0
170 4.0 0.092000 0 0 0.000000 20 0.0 0.0
170 4.1 0.096450 0 0 0.000000 20 0.0 0.0
170 4.2 0.097500 0 0 0.000000 20 0.0 0.0
170 4.3 0.100900 0 0 0.000000 20 0.0 0.0
170 4.4 0.098950 0 0 0.000000 20 0.0 0.0
170 4.5 0.097150 0 0 0.000000 20 0.0 0.0
170 4.6 0.101300 0 0 0.000000 20 0.0 0.0
170 4.7 0.100950 0 0 0.000000 20 0.0 0.0
170 4.8 0.103200 0 0 0.000000 20 0.0 0.0
170 4.9 0.102900 0 0 0.000000 20 0.0 0.0
170 5.0 0.098000 0 0 0.000000 20 0.0 0.0
180 3.0 0.088550 0 0 0.000000 20 0.0 0.0
180 3.1 0.090650 0 0 0.000000 20 0.0 0.0
180 3.2 0.096700 0 0 0.000000 20 0.0 0.0
180 3.3 0.092250 0 0 0.000000 20 0.0 0.0
180 3.4 0.093700 0 0 0.000000 20 0.0 0.0
180 3.5 0.089950 0 0 0.000000 20 0.0 0.0
180 3.6 0.091850 0 0 0.000000 20 0.0 0.0
180 3.7 0.091750 0 0 0.000000 20 0.0 0.0
180 3.8 0.097200 0 0 0.000000 20 0.0 0.0
180 3.9 0.095650 0 0 0.000000 20 0.0 0.0
180 4.0 0.093250 0 0 0.000000 20 0.0 0.0
180 4.1 0.099300 0 0 0.000000 20 0.0 0.0
180 4.2 0.095600 0 0 0.000000 20 0.0 0.0
180 4.3 0.096450 0 0 0.000000 20 0.0 0.0
180 4.4 0.098350 0 0 0.000000 20 0.0 0.0
180 4.5 0.097750 0 0 0.000000 20 0.0 0.0
180 4.6 0.096350 0 0 0.000000 20 0.0 0.0
180 4.7 0.102100 0 0 0.000000 20 0.0 0.0
180 4.8 0.097650 0 0 0.000000 20 0.0 0.0
180 4.9 0.104550 0 0 0.000000 20 0.0 0.0
180 5.0 0.102450 0 0 0.000000 20 0.0 0.0
190 3.0 0.094000 0 0 0.000000 20 0.0 0.0
190 3.1 0.091100 0 0 0.000000 20 0.0 0.0
190 3.2 0.093100 0 0 0.000000 20 0.0 0.0
190 3.3 0.093450 0 0 0.000000 20 0.0 0.0
190 3.4 0.093300 0 0 0.000000 20 0.0 0.0
190 3.5 0.093950 0 0 0.000000 20 0.0 0.0
190 3.6 0.098100 0 0 0.000000 20 0.0 0.0
190 3.7 0.095000 0 0 0.000000 20 0.0 0.0
190 3.8 0.094500 0 0 0.000000 20 0.0 0.0
190 3.9 0.099450 0 0 0.000000 20 0.0 0.0
190 4.0 0.097350 0 0 0.000000 20 0.0 0.0
190 4.1 0.102400 0 0 0.000000 20 0.0 0.0
190 4.2 0.097650 0 0 0.000000 20 0.0 0.0
190 4.3 0.098350 0 0 0.000000 20 0.0 0.0
190 4.4 0.097950 0 0 0.000000 20 0.0 0.0
190 4.5 0.105500 0 0 0.000000 20 0.0 0.0
190 4.6 0.106250 0 0 0.000000 20 0.0 0.0
190 4.7 0.100150 0 0 0.000000 20 0.0 0.0
190 4.8 0.100500 0 0 0.000000 20 0.0 0.0
190 4.9 0.104950 0 0 0.000000 20 0.0 0.0
190 5.0 0.101950 0 0 0.000000 20 0.0 0.0
200 3.0 0.094600 0 0 0.000000 20 0.0 0.0
200 3.1 0.090250 0 0 0.000000 20 0.0 0.0
200 3.2 0.091550 0 0 0.000000 20 0.0 0.0
200 3.3 0.092300 0 0 0.000000 20 0.0 0.0
200 3.4 0.093500 0 0 0.000000 20 0.0 0.0
200 3.5 0.098300 0 0 0.000000 20 0.0 0.0
200 3.6 0.099000 0 0 0.000000 20 0.0 0.0
200 3.7 0.096350 0 0 0.000000 20 0.0 0.0
200 3.8 0.098900 0 0 0.000000 20 0.0 0.0
200 3.9 0.096450 0 0 0.000000 20 0.0 0.0
200 4.0 0.104350 0 0 0.000000 20 0.0 0.0
200 4.1 0.100200 0 0 0.000000 20 0.0 0.0
200 4.2 0.097600 0 0 0.000000 20 0.0 0.0
200 4.3 0.097650 0 0 0.000000 20 0.0 0.0
200 4.4 0.101800 0 0 0.000000 20 0.0 0.0
200 4.5 0.103750 0 0 0.000000 20 0.0 0.0
200 4.6 0.101250 0 0 0.000000 20 0.0 0.0
200 4.7 0.106600 0 0 0.000000 20 0.0 0.0
200 4.8 0.101700 0 0 0.000000 20 0.0 0.0
200 4.9 0.107050 0 0 0.000000 20 0.0 0.0
200 5.0 0.108300 0 0 0.000000 20 0.0 0.0
