50 3.0 0.083400 0 0 0.000000 20 0.0 0.0
50 3.1 0.084500 0 0 0.050000 20 1.0 2.0
50 3.2 0.082150 0 0 0.000000 20 0.0 0.0
50 3.3 0.082450 0 0 0.000000 20 0.0 0.0
50 3.4 0.085200 0 0 0.000000 20 0.0 0.0
50 3.5 0.086750 0 0 0.000000 20 0.0 0.0
50 3.6 0.083650 0 0 0.000000 20 0.0 0.0
50 3.7 0.084100 0 0 0.000000 20 0.0 0.0
50 3.8 0.085300 0 0 0.050000 20 1.0 2.0
50 3.9 0.087050 0 0 0.000000 20 0.0 0.0
50 4.0 0.087400 0 0 0.000000 20 0.0 0.0
50 4.1 0.087400 0 0 0.000000 20 0.0 0.0
50 4.2 0.084350 0 0 0.050000 20 1.0 2.0
50 4.3 0.086900 0 0 0.000000 20 0.0 0.0
50 4.4 0.086100 0 0 0.000000 20 0.0 0.0
50 4.5 0.089350 0 0 0.000000 20 0.0 0.0
50 4.6 0.087150 0 0 0.000000 20 0.0 0.0
50 4.7 0.085500 0 0 0.000000 20 0.0 0.0
50 4.8 0.085150 0 0 0.000000 20 0.0 0.0
50 4.9 0.087650 0 0 0.000000 20 0.0 0.0
50 5.0 0.091100 0 0 0.000000 20 0.0 0.0
60 3.0 0.084850 0 0 0.000000 20 0.0 0.0
60 3.1 0.085350 0 0 0.000000 20 0.0 0.0
60 3.2 0.084300 0 0 0.000000 20 0.0 0.0
60 3.3 0.083700 0 0 0.000000 20 0.0 0.0
60 3.4 0.084200 0 0 0.000000 20 0.0 0.0
60 3.5 0.085250 0 0 0.000000 20 0.0 0.0
60 3.6 0.084600 0 0 0.000000 20 0.0 0.0
60 3.7 0.086250 0 0 0.000000 20 0.0 0.0
60 3.8 0.086750 0 0 0.000000 20 0.0 0.0
60 3.9 0.084600 0 0 0.000000 20 0.0 0.0
60 4.0 0.086250 0 0 0.000000 20 0.0 0.0
60 4.1 0.085700 0 0 0.000000 20 0.0 0.0
60 4.2 0.086850 0 0 0.000000 20 0.0 0.0
60 4.3 0.092200 0 0 0.000000 20 0.0 0.0
60 4.4 0.088350 0 0 0.000000 20 0.0 0.0
60 4.5 0.088200 0 0 0.000000 20 0.0 0.0
60 4.6 0.087800 0 0 0.000000 20 0.0 0.0
60 4.7 0.091250 0 0 0.000000 20 0.0 0.0
60 4.8 0.089250 0 0 0.000000 20 0.0 0.0
60 4.9 0.084900 0 0 0.000000 20 0.0 0.0
60 5.0 0.088350 0 0 0.050000 20 1.0 2.0
70 3.0 0.089150 0 0 0.000000 20 0.0 0.0
70 3.1 0.085550 0 0 0.000000 20 0.0 0.0
70 3.2 0.088250 0 0 0.000000 20 0.0 0.0
70 3.3 0.087850 0 0 0.000000 20 0.0 0.0
70 3.4 0.089800 0 0 0.000000 20 0.0 0.0
70 3.5 0.087500 0 0 0.000000 20 0.0 0.0
70 3.6 0.099000 0 0 0.000000 20 0.0 0.0
70 3.7 0.091050 0 0 0.000000 20 0.0 0.0
70 3.8 0.090850 0 0 0.000000 20 0.0 0.0
70 3.9 0.086750 0 0 0.000000 20 0.0 0.0
70 4.0 0.090000 0 0 0.000000 20 0.0 0.0
70 4.1 0.089550 0 0 0.000000 20 0.0 0.0
70 4.2 0.089250 0 0 0.000000 20 0.0 0.0
70 4.3 0.087200 0 0 0.000000 20 0.0 0.0
70 4.4 0.088700 0 0 0.000000 20 0.0 0.0
70 4.5 0.090150 0 0 0.000000 20 0.0 0.0
70 4.6 0.095350 0 0 0.000000 20 0.0 0.0
70 4.7 0.090850 0 0 0.000000 20 0.0 0.0
70 4.8 0.086650 0 0 0.000000 20 0.0 0.0
70 4.9 0.095400 0 0 0.000000 20 0.0 0.0
70 5.0 0.087500 0 0 0.000000 20 0.0 0.0
80 3.0 0.085750 0 0 0.000000 20 0.0 0.0
80 3.1 0.091600 0 0 0.000000 20 0.0 0.0
80 3.2 0.085700 0 0 0.000000 20 0.0 0.0
80 3.3 0.091950 0 0 0.000000 20 0.0 0.0
80 3.4 0.088700 0 0 0.000000 20 0.0 0.0
80 3.5 0.085450 0 0 0.000000 20 0.0 0.0
80 3.6 0.092650 0 0 0.000000 20 0.0 0.0
80 3.7 0.085800 0 0 0.000000 20 0.0 0.0
80 3.8 0.090300 0 0 0.000000 20 0.0 0.0
80 3.9 0.087350 0 0 0.000000 20 0.0 0.0
80 4.0 0.088700 0 0 0.000000 20 0.0 0.0
80 4.1 0.089750 0 0 0.000000 20 0.0 0.0
80 4.2 0.089900 0 0 0.000000 20 0.0 0.0
80 4.3 0.090150 0 0 0.000000 20 0.0 0.0
80 4.4 0.094850 0 0 0.000000 20 0.0 0.0
80 4.5 0.093600 0 0 0.000000 20 0.0 0.0
80 4.6 0.094150 0 0 0.000000 20 0.0 0.0
80 4.7 0.091900 0 0 0.000000 20 0.0 0.0
80 4.8 0.103450 0 0 0.000000 20 0.0 0.0
80 4.9 0.092450 0 0 0.000000 20 0.0 0.0
80 5.0 0.099350 0 0 0.000000 20 0.0 0.0
90 3.0 0.087050 0 0 0.000000 20 0.0 0.0
90 3.1 0.092100 0 0 0.000000 20 0.0 0.0
90 3.2 0.094050 0 0 0.000000 20 0.0 0.0
90 3.3 0.092550 0 0 0.000000 20 0.0 0.0
90 3.4 0.090600 0 0 0.000000 20 0.0 0.0
90 3.5 0.091650 0 0 0.050000 20 1.0 2.0
90 3.6 0.094550 0 0 0.000000 20 0.0 0.0
90 3.7 0.089250 0 0 0.000000 20 0.0 0.0
90 3.8 0.090150 0 0 0.000000 20 0.0 0.0
90 3.9 0.092250 0 0 0.000000 20 0.0 0.0
90 4.0 0.091500 0 0 0.000000 20 0.0 0.0
90 4.1 0.098500 0 0 0.000000 20 0.0 0.0
90 4.2 0.090200 0 0 0.000000 20 0.0 0.0
90 4.3 0.089550 0 0 0.000000 20 0.0 0.0
90 4.4 0.092800 0 0 0.000000 20 0.0 0.0
90 4.5 0.096350 0 0 0.000000 20 0.0 0.0
90 4.6 0.092100 0 0 0.000000 20 0.0 0.0
90 4.7 0.096900 0 0 0.000000 20 0.0 0.0
90 4.8 0.092850 0 0 0.000000 20 0.0 0.0
90 4.9 0.096200 0 0 0.000000 20 0.0 0.0
90 5.0 0.095050 0 0 0.000000 20 0.0 0.0
100 3.0 0.088550 0 0 0.000000 20 0.0 0.0
100 3.1 0.090000 0 0 0.000000 20 0.0 0.0
100 3.2 0.089700 0 0 0.000000 20 0.0 0.0
100 3.3 0.087800 0 0 0.000000 20 0.0 0.0
100 3.4 0.093400 0 0 0.000000 20 0.0 0.0
100 3.5 0.105250 0 0 0.000000 20 0.0 0.0
100 3.6 0.097300 0 0 0.000000 20 0.0 0.0
100 3.7 0.095450 0 0 0.000000 20 0.0 0.0
100 3.8 0.099100 0 0 0.000000 20 0.0 0.0
100 3.9 0.101350 0 0 0.000000 20 0.0 0.0
100 4.0 0.094650 0 0 0.000000 20 0.0 0.0
100 4.1 0.100750 0 0 0.000000 20 0.0 0.0
100 4.2 0.094200 0 0 0.000000 20 0.0 0.0
100 4.3 0.097250 0 0 0.000000 20 0.0 0.0
100 4.4 0.095000 0 0 0.000000 20 0.0 0.0
100 4.5 0.096400 0 0 0.000000 20 0.0 0.0
100 4.6 0.094700 0 0 0.000000 20 0.0 0.0
100 4.7 0.099000 0 0 0.000000 20 0.0 0.0
100 4.8 0.103000 0 0 0.000000 20 0.0 0.0
100 4.9 0.100600 0 0 0.000000 20 0.0 0.0
100 5.0 0.098450 0 0 0.000000 20 0.0 0.0
110 3.0 0.092100 0 0 0.000000 20 0.0 0.0
110 3.1 0.099400 0 0 0.000000 20 0.0 0.0
110 3.2 0.090100 0 0 0.050000 20 1.0 2.0
110 3.3 0.096050 0 0 0.000000 20 0.0 0.0
110 3.4 0.092650 0 0 0.000000 20 0.0 0.0
110 3.5 0.096950 0 0 0.000000 20 0.0 0.0
110 3.6 0.100750 0 0 0.000000 20 0.0 0.0
110 3.7 0.097000 0 0 0.000000 20 0.0 0.0
110 3.8 0.094400 0 0 0.000000 20 0.0 0.0
110 3.9 0.097750 0 0 0.000000 20 0.0 0.0
110 4.0 0.101350 0 0 0.000000 20 0.0 0.0
110 4.1 0.099650 0 0 0.000000 20 0.0 0.0
110 4.2 0.095900 0 0 0.000000 20 0.0 0.0
110 4.3 0.102650 0 0 0.000000 20 0.0 0.0
110 4.4 0.093300 0 0 0.000000 20 0.0 0.0
110 4.5 0.098300 0 0 0.000000 20 0.0 0.0
110 4.6 0.100300 0 0 0.000000 20 0.0 0.0
110 4.7 0.093700 0 0 0.000000 20 0.0 0.0
110 4.8 0.095450 0 0 0.000000 20 0.0 0.0
110 4.9 0.098350 0 0 0.000000 20 0.0 0.0
110 5.0 0.095250 0 0 0.000000 20 0.0 0.0
120 3.0 0.105200 0 0 0.000000 20 0.0 0.0
120 3.1 0.093600 0 0 0.000000 20 0.0 0.0
120 3.2 0.097350 0 0 0.000000 20 0.0 0.0
120 3.3 0.098050 0 0 0.000000 20 0.0 0.0
120 3.4 0.101200 0 0 0.000000 20 0.0 0.0
120 3.5 0.102300 0 0 0.000000 20 0.0 0.0
120 3.6 0.093100 0 0 0.000000 20 0.0 0.0
120 3.7 0.093900 0 0 0.000000 20 0.0 0.0
120 3.8 0.096000 0 0 0.000000 20 0.0 0.0
120 3.9 0.100350 0 0 0.000000 20 0.0 0.0
120 4.0 0.105400 0 0 0.000000 20 0.0 0.0
120 4.1 0.103650 0 0 0.000000 20 0.0 0.0
120 4.2 0.098850 0 0 0.000000 20 0.0 0.0
120 4.3 0.102750 0 0 0.000000 20 0.0 0.0
120 4.4 0.103100 0 0 0.000000 20 0.0 0.0
120 4.5 0.097950 0 0 0.000000 20 0.0 0.0
120 4.6 0.099150 0 0 0.000000 20 0.0 0.0
120 4.7 0.101450 0 0 0.000000 20 0.0 0.0
120 4.8 0.101900 0 0 0.000000 20 0.0 0.0
120 4.9 0.101000 0 0 0.000000 20 0.0 0.0
120 5.0 0.110300 0 0 0.000000 20 0.0 0.0
130 3.0 0.095450 0 0 0.000000 20 0.0 0.0
130 3.1 0.094600 0 0 0.000000 20 0.0 0.0
130 3.2 0.099000 0 0 0.000000 20 0.0 0.0
130 3.3 0.100600 0 0 0.000000 20 0.0 0.0
130 3.4 0.099350 0 0 0.000000 20 0.0 0.0
130 3.5 0.091250 0 0 0.000000 20 0.0 0.0
130 3.6 0.096650 0 0 0.000000 20 0.0 0.0
130 3.7 0.099000 0 0 0.000000 20 0.0 0.0
130 3.8 0.099250 0 0 0.000000 20 0.0 0.0
130 3.9 0.100550 0 0 0.000000 20 0.0 0.0
130 4.0 0.105750 0 0 0.000000 20 0.0 0.0
130 4.1 0.121300 0 0 0.000000 20 0.0 0.0
130 4.2 0.118550 0 0 0.000000 20 0.0 0.0
130 4.3 0.113050 0 0 0.000000 20 0.0 0.0
130 4.4 0.103900 0 0 0.000000 20 0.0 0.0
130 4.5 0.102550 0 0 0.000000 20 0.0 0.0
130 4.6 0.112750 0 0 0.000000 20 0.0 0.0
130 4.7 0.105350 0 0 0.000000 20 0.0 0.0
130 4.8 0.104200 0 0 0.000000 20 0.0 0.0
130 4.9 0.105550 0 0 0.000000 20 0.0 0.0
130 5.0 0.108700 0 0 0.000000 20 0.0 0.0
140 3.0 0.095650 0 0 0.000000 20 0.0 0.0
140 3.1 0.100000 0 0 0.000000 20 0.0 0.0
140 3.2 0.099150 0 0 0.000000 20 0.0 0.0
140 3.3 0.097500 0 0 0.000000 20 0.0 0.0
140 3.4 0.095850 0 0 0.000000 20 0.0 0.0
140 3.5 0.103050 0 0 0.000000 20 0.0 0.0
140 3.6 0.104350 0 0 0.000000 20 0.0 0.0
140 3.7 0.103700 0 0 0.000000 20 0.0 0.0
140 3.8 0.100100 0 0 0.000000 20 0.0 0.0
140 3.9 0.096450 0 0 0.000000 20 0.0 0.0
140 4.0 0.108900 0 0 0.000000 20 0.0 0.0
140 4.1 0.102650 0 0 0.000000 20 0.0 0.0
140 4.2 0.102700 0 0 0.000000 20 0.0 0.0
140 4.3 0.102100 0 0 0.000000 20 0.0 0.0
140 4.4 0.108550 0 0 0.000000 20 0.0 0.0
140 4.5 0.110400 0 0 0.000000 20 0.0 0.0
140 4.6 0.103250 0 0 0.000000 20 0.0 0.0
140 4.7 0.107500 0 0 0.000000 20 0.0 0.0
140 4.8 0.109650 0 0 0.000000 20 0.0 0.0
140 4.9 0.104000 0 0 0.000000 20 0.0 0.0
140 5.0 0.110950 0 0 0.000000 20 0.0 0.0
150 3.0 0.104400 0 0 0.000000 20 0.0 0.0
150 3.1 0.097650 0 0 0.000000 20 0.0 0.0
150 3.2 0.099300 0 0 0.000000 20 0.0 0.0
150 3.3 0.103450 0 0 0.000000 20 0.0 0.0
150 3.4 0.101750 0 0 0.000000 20 0.0 0.0
150 3.5 0.120400 0 0 0.000000 20 0.0 0.0
150 3.6 0.105350 0 0 0.000000 20 0.0 0.0
150 3.7 0.105800 0 0 0.000000 20 0.0 0.0
150 3.8 0.116350 0 0 0.000000 20 0.0 0.0
150 3.9 0.114750 0 0 0.000000 20 0.0 0.0
150 4.0 0.114250 0 0 0.000000 20 0.0 0.0
150 4.1 0.105800 0 0 0.000000 20 0.0 0.0
150 4.2 0.103850 0 0 0.000000 20 0.0 0.0
150 4.3 0.123450 0 0 0.000000 20 0.0 0.0
150 4.4 0.123200 0 0 0.000000 20 0.0 0.0
150 4.5 0.126400 0 0 0.000000 20 0.0 0.0
150 4.6 0.112450 0 0 0.000000 20 0.0 0.0
150 4.7 0.111900 0 0 0.000000 20 0.0 0.0
150 4.8 0.120550 0 0 0.000000 20 0.0 0.0
150 4.9 0.122050 0 0 0.000000 20 0.0 0.0
150 5.0 0.122300 0 0 0.000000 20 0.0 0.0
160 3.0 0.109250 0 0 0.000000 20 0.0 0.0
160 3.1 0.096150 0 0 0.000000 20 0.0 0.0
160 3.2 0.118700 0 0 0.000000 20 0.0 0.0
160 3.3 0.103150 0 0 0.000000 20 0.0 0.0
160 3.4 0.107800 0 0 0.000000 20 0.0 0.0
160 3.5 0.099200 0 0 0.000000 20 0.0 0.0
160 3.6 0.094150 0 0 0.000000 20 0.0 0.0
160 3.7 0.101100 0 0 0.000000 20 0.0 0.0
160 3.8 0.117550 0 0 0.000000 20 0.0 0.0
160 3.9 0.110400 0 0 0.000000 20 0.0 0.0
160 4.0 0.114850 0 0 0.000000 20 0.0 0.0
160 4.1 0.109700 0 0 0.000000 20 0.0 0.0
160 4.2 0.107650 0 0 0.050000 20 1.0 2.0
160 4.3 0.114850 0 0 0.000000 20 0.0 0.0
160 4.4 0.116500 0 0 0.000000 20 0.0 0.0
160 4.5 0.116050 0 0 0.000000 20 0.0 0.0
160 4.6 0.113000 0 0 0.000000 20 0.0 0.0
160 4.7 0.114500 0 0 0.000000 20 0.0 0.0
160 4.8 0.124600 0 0 0.000000 20 0.0 0.0
160 4.9 0.146850 0 0 0.050000 20 1.0 2.0
160 5.0 0.144850 0 0 0.000000 20 0.0 0.0
170 3.0 0.093000 0 0 0.000000 20 0.0 0.0
170 3.1 0.096200 0 0 0.000000 20 0.0 0.0
170 3.2 0.108800 0 0 0.000000 20 0.0 0.0
170 3.3 0.105200 0 0 0.000000 20 0.0 0.0
170 3.4 0.105350 0 0 0.000000 20 0.0 0.0
170 3.5 0.101400 0 0 0.000000 20 0.0 0.0
170 3.6 0.103250 0 0 0.000000 20 0.0 0.0
170 3.7 0.104050 0 0 0.000000 20 0.0 0.0
170 3.8 0.114800 0 0 0.000000 20 0.0 0.0
170 3.9 0.103600 0 0 0.000000 20 0.0 0.0
170 4.0 0.106450 0 0 0.000000 20 0.0 0.0
170 4.1 0.111550 0 0 0.000000 20 0.0 0.0
170 4.2 0.121050 0 0 0.000000 20 0.0 0.0
170 4.3 0.118400 0 0 0.000000 20 0.0 0.0
170 4.4 0.106950 0 0 0.000000 20 0.0 0.0
170 4.5 0.123250 0 0 0.000000 20 0.0 0.0
170 4.6 0.114500 0 0 0.000000 20 0.0 0.0
170 4.7 0.116200 0 0 0.000000 20 0.0 0.0
170 4.8 0.123600 0 0 0.000000 20 0.0 0.0
170 4.9 0.118100 0 0 0.000000 20 0.0 0.0
170 5.0 0.145600 0 0 0.000000 20 0.0 0.0
180 3.0 0.137150 0 0 0.000000 20 0.0 0.0
180 3.1 0.136850 0 0 0.000000 20 0.0 0.0
180 3.2 0.135550 0 0 0.000000 20 0.0 0.0
180 3.3 0.131500 0 0 0.000000 20 0.0 0.0
180 3.4 0.139950 0 0 0.000000 20 0.0 0.0
180 3.5 0.138900 0 0 0.000000 20 0.0 0.0
180 3.6 0.119600 0 0 0.000000 20 0.0 0.0
180 3.7 0.132300 0 0 0.000000 20 0.0 0.0
180 3.8 0.128100 0 0 0.000000 20 0.0 0.0
180 3.9 0.129450 0 0 0.000000 20 0.0 0.0
180 4.0 0.137450 0 0 0.000000 20 0.0 0.0
180 4.1 0.125000 0 0 0.000000 20 0.0 0.0
180 4.2 0.142250 0 0 0.000000 20 0.0 0.0
180 4.3 0.142650 0 0 0.000000 20 0.0 0.0
180 4.4 0.136700 0 0 0.000000 20 0.0 0.0
180 4.5 0.140000 0 0 0.000000 20 0.0 0.0
180 4.6 0.138200 0 0 0.000000 20 0.0 0.0
180 4.7 0.141150 0 0 0.000000 20 0.0 0.0
180 4.8 0.155350 0 0 0.000000 20 0.0 0.0
180 4.9 0.157550 0 0 0.000000 20 0.0 0.0
180 5.0 0.158750 0 0 0.000000 20 0.0 0.0
190 3.0 0.141800 0 0 0.000000 20 0.0 0.0
190 3.1 0.161550 0 0 0.000000 20 0.0 0.0
190 3.2 0.147750 0 0 0.000000 20 0.0 0.0
190 3.3 0.149350 0 0 0.000000 20 0.0 0.0
190 3.4 0.128550 0 0 0.000000 20 0.0 0.0
190 3.5 0.141600 0 0 0.000000 20 0.0 0.0
190 3.6 0.149750 0 0 0.000000 20 0.0 0.0
190 3.7 0.155100 0 0 0.000000 20 0.0 0.0
190 3.8 0.153650 0 0 0.000000 20 0.0 0.0
190 3.9 0.149850 0 0 0.000000 20 0.0 0.0
190 4.0 0.144250 0 0 0.000000 20 0.0 0.0
190 4.1 0.147950 0 0 0.000000 20 0.0 0.0
190 4.2 0.148250 0 0 0.000000 20 0.0 0.0
190 4.3 0.148500 0 0 0.000000 20 0.0 0.0
190 4.4 0.145000 0 0 0.000000 20 0.0 0.0
190 4.5 0.162350 0 0 0.000000 20 0.0 0.0
190 4.6 0.156750 0 0 0.000000 20 0.0 0.0
190 4.7 0.155600 0 0 0.000000 20 0.0 0.0
190 4.8 0.154250 0 0 0.000000 20 0.0 0.0
190 4.9 0.158000 0 0 0.000000 20 0.0 0.0
190 5.0 0.156150 0 0 0.000000 20 0.0 0.0
200 3.0 0.135300 0 0 0.000000 20 0.0 0.0
200 3.1 0.149650 0 0 0.000000 20 0.0 0.0
200 3.2 0.135300 0 0 0.000000 20 0.0 0.0
200 3.3 0.135100 0 0 0.000000 20 0.0 0.0
200 3.4 0.141200 0 0 0.000000 20 0.0 0.0
200 3.5 0.128150 0 0 0.000000 20 0.0 0.0
200 3.6 0.151150 0 0 0.000000 20 0.0 0.0
200 3.7 0.142200 0 0 0.000000 20 0.0 0.0
200 3.8 0.152250 0 0 0.000000 20 0.0 0.0
200 3.9 0.156400 0 0 0.000000 20 0.0 0.0
200 4.0 0.147000 0 0 0.000000 20 0.0 0.0
200 4.1 0.150200 0 0 0.000000 20 0.0 0.0
200 4.2 0.146150 0 0 0.000000 20 0.0 0.0
200 4.3 0.144050 0 0 0.000000 20 0.0 0.0
200 4.4 0.143200 0 0 0.000000 20 0.0 0.0
200 4.5 0.152400 0 0 0.000000 20 0.0 0.0
200 4.6 0.145150 0 0 0.000000 20 0.0 0.0
200 4.7 0.166600 0 0 0.000000 20 0.0 0.0
200 4.8 0.171550 0 0 0.000000 20 0.0 0.0
200 4.9 0.159950 0 0 0.000000 20 0.0 0.0
200 5.0 0.157750 0 0 0.000000 20 0.0 0.0
