50 3.0 0.083400 0 0 0.000000 20 0.0 0.0
50 3.1 0.085950 0 0 0.000000 20 0.0 0.0
50 3.2 0.083650 0 0 0.000000 20 0.0 0.0
50 3.3 0.085900 0 0 0.000000 20 0.0 0.0
50 3.4 0.082600 0 0 0.000000 20 0.0 0.0
50 3.5 0.083450 0 0 0.000000 20 0.0 0.0
50 3.6 0.084500 0 0 0.000000 20 0.0 0.0
50 3.7 0.087600 0 0 0.000000 20 0.0 0.0
50 3.8 0.084600 0 0 0.000000 20 0.0 0.0
50 3.9 0.086750 0 0 0.000000 20 0.0 0.0
50 4.0 0.085500 0 0 0.000000 20 0.0 0.0
50 4.1 0.086450 0 0 0.000000 20 0.0 0.0
50 4.2 0.088450 0 0 0.000000 20 0.0 0.0
50 4.3 0.090100 0 0 0.000000 20 0.0 0.0
50 4.4 0.090150 0 0 0.000000 20 0.0 0.0
50 4.5 0.087000 0 0 0.000000 20 0.0 0.0
50 4.6 0.086750 0 0 0.000000 20 0.0 0.0
50 4.7 0.085900 0 0 0.000000 20 0.0 0.0
50 4.8 0.082650 0 0 0.000000 20 0.0 0.0
50 4.9 0.086300 0 0 0.000000 20 0.0 0.0
50 5.0 0.087550 0 0 0.000000 20 0.0 0.0
60 3.0 0.083150 0 0 0.000000 20 0.0 0.0
60 3.1 0.084550 0 0 0.000000 20 0.0 0.0
60 3.2 0.084300 0 0 0.000000 20 0.0 0.0
60 3.3 0.084100 0 0 0.000000 20 0.0 0.0
60 3.4 0.085900 0 0 0.000000 20 0.0 0.0
60 3.5 0.087500 0 0 0.000000 20 0.0 0.0
60 3.6 0.083550 0 0 0.000000 20 0.0 0.0
60 3.7 0.089250 0 0 0.000000 20 0.0 0.0
60 3.8 0.085200 0 0 0.000000 20 0.0 0.0
60 3.9 0.084300 0 0 0.000000 20 0.0 0.0
60 4.0 0.089600 0 0 0.000000 20 0.0 0.0
60 4.1 0.083850 0 0 0.000000 20 0.0 0.0
60 4.2 0.089900 0 0 0.050000 20 1.0 2.0
60 4.3 0.087150 0 0 0.000000 20 0.0 0.0
60 4.4 0.088850 0 0 0.000000 20 0.0 0.0
60 4.5 0.084250 0 0 0.000000 20 0.0 0.0
60 4.6 0.088400 0 0 0.000000 20 0.0 0.0
60 4.7 0.087600 0 0 0.000000 20 0.0 0.0
60 4.8 0.093450 0 0 0.000000 20 0.0 0.0
60 4.9 0.086250 0 0 0.000000 20 0.0 0.0
60 5.0 0.092250 0 0 0.000000 20 0.0 0.0
70 3.0 0.089400 0 0 0.000000 20 0.0 0.0
70 3.1 0.086200 0 0 0.000000 20 0.0 0.0
70 3.2 0.085100 0 0 0.000000 20 0.0 0.0
70 3.3 0.085100 0 0 0.000000 20 0.0 0.0
70 3.4 0.085500 0 0 0.000000 20 0.0 0.0
70 3.5 0.090150 0 0 0.000000 20 0.0 0.0
70 3.6 0.085150 0 0 0.000000 20 0.0 0.0
70 3.7 0.093700 0 0 0.000000 20 0.0 0.0
70 3.8 0.091150 0 0 0.050000 20 1.0 2.0
70 3.9 0.089200 0 0 0.000000 20 0.0 0.0
70 4.0 0.093800 0 0 0.050000 20 1.0 2.0
70 4.1 0.086700 0 0 0.000000 20 0.0 0.0
70 4.2 0.088450 0 0 0.000000 20 0.0 0.0
70 4.3 0.091650 0 0 0.000000 20 0.0 0.0
70 4.4 0.091150 0 0 0.000000 20 0.0 0.0
70 4.5 0.092350 0 0 0.000000 20 0.0 0.0
70 4.6 0.089600 0 0 0.000000 20 0.0 0.0
70 4.7 0.094000 0 0 0.000000 20 0.0 0.0
70 4.8 0.090000 0 0 0.000000 20 0.0 0.0
70 4.9 0.089850 0 0 0.000000 20 0.0 0.0
70 5.0 0.091450 0 0 0.000000 20 0.0 0.0
80 3.0 0.090750 0 0 0.000000 20 0.0 0.0
80 3.1 0.086850 0 0 0.000000 20 0.0 0.0
80 3.2 0.089150 0 0 0.000000 20 0.0 0.0
80 3.3 0.088050 0 0 0.000000 20 0.0 0.0
80 3.4 0.088150 0 0 0.000000 20 0.0 0.0
80 3.5 0.086100 0 0 0.000000 20 0.0 0.0
80 3.6 0.090500 0 0 0.000000 20 0.0 0.0
80 3.7 0.088800 0 0 0.000000 20 0.0 0.0
80 3.8 0.091500 0 0 0.000000 20 0.0 0.0
80 3.9 0.090300 0 0 0.000000 20 0.0 0.0
80 4.0 0.088950 0 0 0.000000 20 0.0 0.0
80 4.1 0.087400 0 0 0.000000 20 0.0 0.0
80 4.2 0.096500 0 0 0.000000 20 0.0 0.0
80 4.3 0.094800 0 0 0.000000 20 0.0 0.0
80 4.4 0.088500 0 0 0.000000 20 0.0 0.0
80 4.5 0.098900 0 0 0.000000 20 0.0 0.0
80 4.6 0.095900 0 0 0.000000 20 0.0 0.0
80 4.7 0.094300 0 0 0.000000 20 0.0 0.0
80 4.8 0.100400 0 0 0.000000 20 0.0 0.0
80 4.9 0.093450 0 0 0.000000 20 0.0 0.0
80 5.0 0.094650 0 0 0.000000 20 0.0 0.0
90 3.0 0.094200 0 0 0.050000 20 1.0 2.0
90 3.1 0.090750 0 0 0.000000 20 0.0 0.0
90 3.2 0.097150 0 0 0.000000 20 0.0 0.0
90 3.3 0.088950 0 0 0.000000 20 0.0 0.0
90 3.4 0.092750 0 0 0.000000 20 0.0 0.0
90 3.5 0.090950 0 0 0.000000 20 0.0 0.0
90 3.6 0.092650 0 0 0.000000 20 0.0 0.0
90 3.7 0.093250 0 0 0.000000 20 0.0 0.0
90 3.8 0.097400 0 0 0.000000 20 0.0 0.0
90 3.9 0.090350 0 0 0.000000 20 0.0 0.0
90 4.0 0.095250 0 0 0.000000 20 0.0 0.0
90 4.1 0.091050 0 0 0.000000 20 0.0 0.0
90 4.2 0.098550 0 0 0.000000 20 0.0 0.0
90 4.3 0.094150 0 0 0.000000 20 0.0 0.0
90 4.4 0.091150 0 0 0.000000 20 0.0 0.0
90 4.5 0.094900 0 0 0.000000 20 0.0 0.0
90 4.6 0.091100 0 0 0.000000 20 0.0 0.0
90 4.7 0.094900 0 0 0.050000 20 1.0 2.0
90 4.8 0.090550 0 0 0.000000 20 0.0 0.0
90 4.9 0.097100 0 0 0.000000 20 0.0 0.0
90 5.0 0.100400 0 0 0.000000 20 0.0 0.0
100 3.0 0.090000 0 0 0.000000 20 0.0 0.0
100 3.1 0.093700 0 0 0.000000 20 0.0 0.0
100 3.2 0.096400 0 0 0.000000 20 0.0 0.0
100 3.3 0.091600 0 0 0.000000 20 0.0 0.0
100 3.4 0.093450 0 0 0.000000 20 0.0 0.0
100 3.5 0.094550 0 0 0.000000 20 0.0 0.0
100 3.6 0.091600 0 0 0.050000 20 1.0 2.0
100 3.7 0.095950 0 0 0.000000 20 0.0 0.0
100 3.8 0.095800 0 0 0.000000 20 0.0 0.0
100 3.9 0.100200 0 0 0.050000 20 1.0 2.0
100 4.0 0.098150 0 0 0.000000 20 0.0 0.0
100 4.1 0.097750 0 0 0.000000 20 0.0 0.0
100 4.2 0.094750 0 0 0.000000 20 0.0 0.0
100 4.3 0.094200 0 0 0.000000 20 0.0 0.0
100 4.4 0.101400 0 0 0.000000 20 0.0 0.0
100 4.5 0.098400 0 0 0.000000 20 0.0 0.0
100 4.6 0.097850 0 0 0.000000 20 0.0 0.0
100 4.7 0.105600 0 0 0.000000 20 0.0 0.0
100 4.8 0.105700 0 0 0.000000 20 0.0 0.0
100 4.9 0.095900 0 0 0.000000 20 0.0 0.0
100 5.0 0.101750 0 0 0.000000 20 0.0 0.0
110 3.0 0.088650 0 0 0.000000 20 0.0 0.0
110 3.1 0.091000 0 0 0.000000 20 0.0 0.0
110 3.2 0.094750 0 0 0.000000 20 0.0 0.0
110 3.3 0.097950 0 0 0.000000 20 0.0 0.0
110 3.4 0.097700 0 0 0.000000 20 0.0 0.0
110 3.5 0.095400 0 0 0.000000 20 0.0 0.0
110 3.6 0.097500 0 0 0.000000 20 0.0 0.0
110 3.7 0.093100 0 0 0.000000 20 0.0 0.0
110 3.8 0.096900 0 0 0.000000 20 0.0 0.0
110 3.9 0.092500 0 0 0.000000 20 0.0 0.0
110 4.0 0.096100 0 0 0.000000 20 0.0 0.0
110 4.1 0.095750 0 0 0.000000 20 0.0 0.0
110 4.2 0.094800 0 0 0.000000 20 0.0 0.0
110 4.3 0.096000 0 0 0.000000 20 0.0 0.0
110 4.4 0.096400 0 0 0.000000 20 0.0 0.0
110 4.5 0.096750 0 0 0.000000 20 0.0 0.0
110 4.6 0.099800 0 0 0.000000 20 0.0 0.0
110 4.7 0.098850 0 0 0.000000 20 0.0 0.0
110 4.8 0.103700 0 0 0.000000 20 0.0 0.0
110 4.9 0.101150 0 0 0.000000 20 0.0 0.0
110 5.0 0.097750 0 0 0.000000 20 0.0 0.0
120 3.0 0.094600 0 0 0.000000 20 0.0 0.0
120 3.1 0.097850 0 0 0.000000 20 0.0 0.0
120 3.2 0.086550 0 0 0.000000 20 0.0 0.0
120 3.3 0.095800 0 0 0.000000 20 0.0 0.0
120 3.4 0.095750 0 0 0.000000 20 0.0 0.0
120 3.5 0.096600 0 0 0.000000 20 0.0 0.0
120 3.6 0.099400 0 0 0.000000 20 0.0 0.0
120 3.7 0.101650 0 0 0.000000 20 0.0 0.0
120 3.8 0.096000 0 0 0.000000 20 0.0 0.0
120 3.9 0.106750 0 0 0.000000 20 0.0 0.0
120 4.0 0.099050 0 0 0.000000 20 0.0 0.0
120 4.1 0.092700 0 0 0.050000 20 1.0 2.0
120 4.2 0.096150 0 0 0.000000 20 0.0 0.0
120 4.3 0.098300 0 0 0.000000 20 0.0 0.0
120 4.4 0.098250 0 0 0.050000 19 1.0 3.0
120 4.5 0.099450 0 0 0.000000 20 0.0 0.0
120 4.6 0.099300 0 0 0.000000 20 0.0 0.0
120 4.7 0.106700 0 0 0.000000 20 0.0 0.0
120 4.8 0.107400 0 0 0.000000 20 0.0 0.0
120 4.9 0.103950 0 0 0.000000 20 0.0 0.0
120 5.0 0.109900 0 0 0.000000 20 0.0 0.0
130 3.0 0.097100 0 0 0.000000 20 0.0 0.0
130 3.1 0.096800 0 0 0.000000 20 0.0 0.0
130 3.2 0.097450 0 0 0.000000 20 0.0 0.0
130 3.3 0.103100 0 0 0.000000 20 0.0 0.0
130 3.4 0.096650 0 0 0.000000 20 0.0 0.0
130 3.5 0.104350 0 0 0.000000 20 0.0 0.0
130 3.6 0.101300 0 0 0.000000 20 0.0 0.0
130 3.7 0.093700 0 0 0.000000 20 0.0 0.0
130 3.8 0.100600 0 0 0.000000 20 0.0 0.0
130 3.9 0.100550 0 0 0.000000 20 0.0 0.0
130 4.0 0.101050 0 0 0.000000 20 0.0 0.0
130 4.1 0.098150 0 0 0.000000 20 0.0 0.0
130 4.2 0.107650 0 0 0.000000 20 0.0 0.0
130 4.3 0.104150 0 0 0.000000 20 0.0 0.0
130 4.4 0.105150 0 0 0.000000 20 0.0 0.0
130 4.5 0.110600 0 0 0.000000 20 0.0 0.0
130 4.6 0.100350 0 0 0.000000 20 0.0 0.0
130 4.7 0.104900 0 0 0.000000 20 0.0 0.0
130 4.8 0.109600 0 0 0.000000 20 0.0 0.0
130 4.9 0.107400 0 0 0.000000 20 0.0 0.0
130 5.0 0.105050 0 0 0.000000 20 0.0 0.0
140 3.0 0.098500 0 0 0.000000 20 0.0 0.0
140 3.1 0.098050 0 0 0.000000 20 0.0 0.0
140 3.2 0.096800 0 0 0.000000 20 0.0 0.0
140 3.3 0.100400 0 0 0.000000 20 0.0 0.0
140 3.4 0.097100 0 0 0.000000 20 0.0 0.0
140 3.5 0.106050 0 0 0.000000 20 0.0 0.0
140 3.6 0.092250 0 0 0.000000 20 0.0 0.0
140 3.7 0.108450 0 0 0.000000 20 0.0 0.0
140 3.8 0.098300 0 0 0.000000 20 0.0 0.0
140 3.9 0.101600 0 0 0.000000 20 0.0 0.0
140 4.0 0.105650 0 0 0.000000 20 0.0 0.0
140 4.1 0.103750 0 0 0.000000 20 0.0 0.0
140 4.2 0.098800 0 0 0.000000 20 0.0 0.0
140 4.3 0.100600 0 0 0.000000 20 0.0 0.0
140 4.4 0.109400 0 0 0.000000 20 0.0 0.0
140 4.5 0.107600 0 0 0.000000 20 0.0 0.0
140 4.6 0.105350 0 0 0.000000 20 0.0 0.0
140 4.7 0.106300 0 0 0.000000 20 0.0 0.0
140 4.8 0.106950 0 0 0.000000 20 0.0 0.0
140 4.9 0.106950 0 0 0.000000 20 0.0 0.0
140 5.0 0.114650 0 0 0.000000 20 0.0 0.0
150 3.0 0.108600 0 0 0.000000 20 0.0 0.0
150 3.1 0.107200 0 0 0.000000 20 0.0 0.0
150 3.2 0.104800 0 0 0.000000 20 0.0 0.0
150 3.3 0.112800 0 0 0.000000 20 0.0 0.0
150 3.4 0.115400 0 0 0.000000 20 0.0 0.0
150 3.5 0.102100 0 0 0.000000 20 0.0 0.0
150 3.6 0.119350 0 0 0.000000 20 0.0 0.0
150 3.7 0.109300 0 0 0.000000 20 0.0 0.0
150 3.8 0.104000 0 0 0.000000 20 0.0 0.0
150 3.9 0.114500 0 0 0.000000 20 0.0 0.0
150 4.0 0.109050 0 0 0.000000 20 0.0 0.0
150 4.1 0.116100 0 0 0.000000 20 0.0 0.0
150 4.2 0.108150 0 0 0.000000 20 0.0 0.0
150 4.3 0.111100 0 0 0.000000 20 0.0 0.0
150 4.4 0.107850 0 0 0.000000 20 0.0 0.0
150 4.5 0.112000 0 0 0.000000 20 0.0 0.0
150 4.6 0.110500 0 0 0.000000 20 0.0 0.0
150 4.7 0.118950 0 0 0.000000 20 0.0 0.0
150 4.8 0.112950 0 0 0.000000 20 0.0 0.0
150 4.9 0.113600 0 0 0.000000 20 0.0 0.0
150 5.0 0.125500 0 0 0.000000 20 0.0 0.0
160 3.0 0.110350 0 0 0.000000 20 0.0 0.0
160 3.1 0.129250 0 0 0.000000 20 0.0 0.0
160 3.2 0.117050 0 0 0.000000 20 0.0 0.0
160 3.3 0.121200 0 0 0.000000 20 0.0 0.0
160 3.4 0.128650 0 0 0.000000 20 0.0 0.0
160 3.5 0.133950 0 0 0.000000 20 0.0 0.0
160 3.6 0.129250 0 0 0.000000 20 0.0 0.0
160 3.7 0.136950 0 0 0.000000 20 0.0 0.0
160 3.8 0.137050 0 0 0.000000 20 0.0 0.0
160 3.9 0.127350 0 0 0.000000 20 0.0 0.0
160 4.0 0.121250 0 0 0.000000 20 0.0 0.0
160 4.1 0.133800 0 0 0.000000 20 0.0 0.0
160 4.2 0.140200 0 0 0.000000 20 0.0 0.0
160 4.3 0.136100 0 0 0.000000 20 0.0 0.0
160 4.4 0.133050 0 0 0.000000 20 0.0 0.0
160 4.5 0.138550 0 0 0.000000 20 0.0 0.0
160 4.6 0.138200 0 0 0.000000 20 0.0 0.0
160 4.7 0.131650 0 0 0.000000 20 0.0 0.0
160 4.8 0.141150 0 0 0.000000 20 0.0 0.0
160 4.9 0.155850 0 0 0.000000 20 0.0 0.0
160 5.0 0.134450 0 0 0.000000 20 0.0 0.0
170 3.0 0.110200 0 0 0.000000 20 0.0 0.0
170 3.1 0.110700 0 0 0.000000 20 0.0 0.0
170 3.2 0.113600 0 0 0.000000 20 0.0 0.0
170 3.3 0.118650 0 0 0.000000 20 0.0 0.0
170 3.4 0.121950 0 0 0.000000 20 0.0 0.0
170 3.5 0.122050 0 0 0.000000 20 0.0 0.0
170 3.6 0.114700 0 0 0.000000 20 0.0 0.0
170 3.7 0.103300 0 0 0.000000 20 0.0 0.0
170 3.8 0.112500 0 0 0.000000 20 0.0 0.0
170 3.9 0.111950 0 0 0.000000 20 0.0 0.0
170 4.0 0.131750 0 0 0.000000 20 0.0 0.0
170 4.1 0.124600 0 0 0.000000 20 0.0 0.0
170 4.2 0.112300 0 0 0.000000 20 0.0 0.0
170 4.3 0.118700 0 0 0.000000 20 0.0 0.0
170 4.4 0.126450 0 0 0.000000 20 0.0 0.0
170 4.5 0.111700 0 0 0.000000 20 0.0 0.0
170 4.6 0.116000 0 0 0.000000 20 0.0 0.0
170 4.7 0.115900 0 0 0.000000 20 0.0 0.0
170 4.8 0.119000 0 0 0.000000 20 0.0 0.0
170 4.9 0.121300 0 0 0.000000 20 0.0 0.0
170 5.0 0.149850 0 0 0.000000 20 0.0 0.0
180 3.0 0.133700 0 0 0.000000 20 0.0 0.0
180 3.1 0.120250 0 0 0.000000 20 0.0 0.0
180 3.2 0.129850 0 0 0.000000 20 0.0 0.0
180 3.3 0.122250 0 0 0.000000 20 0.0 0.0
180 3.4 0.135300 0 0 0.000000 20 0.0 0.0
180 3.5 0.140550 0 0 0.000000 20 0.0 0.0
180 3.6 0.129400 0 0 0.000000 20 0.0 0.0
180 3.7 0.132650 0 0 0.000000 20 0.0 0.0
180 3.8 0.130600 0 0 0.000000 20 0.0 0.0
180 3.9 0.139400 0 0 0.000000 20 0.0 0.0
180 4.0 0.135450 0 0 0.000000 20 0.0 0.0
180 4.1 0.134600 0 0 0.000000 20 0.0 0.0
180 4.2 0.140000 0 0 0.000000 20 0.0 0.0
180 4.3 0.132950 0 0 0.000000 20 0.0 0.0
180 4.4 0.125300 0 0 0.000000 20 0.0 0.0
180 4.5 0.132050 0 0 0.000000 20 0.0 0.0
180 4.6 0.132350 0 0 0.000000 20 0.0 0.0
180 4.7 0.135850 0 0 0.000000 20 0.0 0.0
180 4.8 0.150400 0 0 0.000000 20 0.0 0.0
180 4.9 0.168100 0 0 0.000000 20 0.0 0.0
180 5.0 0.157300 0 0 0.000000 20 0.0 0.0
190 3.0 0.175350 0 0 0.050000 20 1.0 2.0
190 3.1 0.169850 0 0 0.000000 20 0.0 0.0
190 3.2 0.176100 0 0 0.050000 20 1.0 2.0
190 3.3 0.175000 0 0 0.000000 20 0.0 0.0
190 3.4 0.176300 0 0 0.000000 20 0.0 0.0
190 3.5 0.177400 0 0 0.000000 20 0.0 0.0
190 3.6 0.181750 0 0 0.000000 20 0.0 0.0
190 3.7 0.180700 0 0 0.000000 20 0.0 0.0
190 3.8 0.178650 0 0 0.000000 20 0.0 0.0
190 3.9 0.193950 0 0 0.050000 20 1.0 2.0
190 4.0 0.189600 0 0 0.000000 20 0.0 0.0
190 4.1 0.182700 0 0 0.000000 20 0.0 0.0
190 4.2 0.191050 0 0 0.000000 20 0.0 0.0
190 4.3 0.189600 0 0 0.000000 20 0.0 0.0
190 4.4 0.189150 0 0 0.000000 20 0.0 0.0
190 4.5 0.194800 0 0 0.000000 20 0.0 0.0
190 4.6 0.196500 0 0 0.000000 20 0.0 0.0
190 4.7 0.193450 0 0 0.000000 20 0.0 0.0
190 4.8 0.185100 0 0 0.000000 20 0.0 0.0
190 4.9 0.166750 0 0 0.000000 20 0.0 0.0
190 5.0 0.154000 0 0 0.000000 20 0.0 0.0
200 3.0 0.145200 0 0 0.000000 20 0.0 0.0
200 3.1 0.131050 0 0 0.000000 20 0.0 0.0
200 3.2 0.140150 0 0 0.000000 20 0.0 0.0
200 3.3 0.134350 0 0 0.000000 20 0.0 0.0
200 3.4 0.155300 0 0 0.000000 20 0.0 0.0
200 3.5 0.143950 0 0 0.000000 20 0.0 0.0
200 3.6 0.148300 0 0 0.000000 20 0.0 0.0
200 3.7 0.161400 0 0 0.000000 20 0.0 0.0
200 3.8 0.142750 0 0 0.000000 20 0.0 0.0
200 3.9 0.162500 0 0 0.000000 20 0.0 0.0
200 4.0 0.164050 0 0 0.000000 20 0.0 0.0
200 4.1 0.145550 0 0 0.000000 20 0.0 0.0
200 4.2 0.171650 0 0 0.000000 20 0.0 0.0
200 4.3 0.153250 0 0 0.000000 20 0.0 0.0
200 4.4 0.150050 0 0 0.000000 20 0.0 0.0
200 4.5 0.150800 0 0 0.000000 20 0.0 0.0
200 4.6 0.143600 0 0 0.000000 20 0.0 0.0
200 4.7 0.160100 0 0 0.000000 20 0.0 0.0
200 4.8 0.170950 0 0 0.000000 20 0.0 0.0
200 4.9 0.175300 0 0 0.000000 20 0.0 0.0
200 5.0 0.162000 0 0 0.000000 20 0.0 0.0
