50 3.0 0.088800 0 0 0.000000 20 0.0 0.0
50 3.1 0.076550 0 0 0.000000 20 0.0 0.0
50 3.2 0.077750 0 0 0.050000 20 1.0 3.0
50 3.3 0.080900 0 0 0.000000 20 0.0 0.0
50 3.4 0.080300 0 0 0.000000 20 0.0 0.0
50 3.5 0.086200 0 0 0.000000 20 0.0 0.0
50 3.6 0.081100 0 0 0.000000 20 0.0 0.0
50 3.7 0.091850 0 0 0.000000 20 0.0 0.0
50 3.8 0.086000 0 0 0.000000 20 0.0 0.0
50 3.9 0.084900 0 0 0.000000 20 0.0 0.0
50 4.0 0.081200 0 0 0.000000 20 0.0 0.0
50 4.1 0.079200 0 0 0.000000 20 0.0 0.0
50 4.2 0.085600 0 0 0.000000 20 0.0 0.0
50 4.3 0.087300 0 0 0.000000 20 0.0 0.0
50 4.4 0.083900 0 0 0.000000 20 0.0 0.0
50 4.5 0.083850 0 0 0.000000 20 0.0 0.0
50 4.6 0.088000 0 0 0.000000 20 0.0 0.0
50 4.7 0.091900 0 0 0.000000 20 0.0 0.0
50 4.8 0.086500 0 0 0.000000 20 0.0 0.0
50 4.9 0.082350 0 0 0.000000 20 0.0 0.0
50 5.0 0.085850 0 0 0.000000 20 0.0 0.0
60 3.0 0.081800 0 0 0.000000 20 0.0 0.0
60 3.1 0.080550 0 0 0.000000 20 0.0 0.0
60 3.2 0.083500 0 0 0.000000 20 0.0 0.0
60 3.3 0.083700 0 0 0.000000 20 0.0 0.0
60 3.4 0.083800 0 0 0.000000 20 0.0 0.0
60 3.5 0.083750 0 0 0.000000 20 0.0 0.0
60 3.6 0.079550 0 0 0.000000 20 0.0 0.0
60 3.7 0.078550 0 0 0.000000 20 0.0 0.0
60 3.8 0.083650 0 0 0.000000 20 0.0 0.0
60 3.9 0.082600 0 0 0.000000 20 0.0 0.0
60 4.0 0.085950 0 0 0.000000 20 0.0 0.0
60 4.1 0.080100 0 0 0.000000 20 0.0 0.0
60 4.2 0.081200 0 0 0.000000 20 0.0 0.0
60 4.3 0.083650 0 0 0.000000 20 0.0 0.0
60 4.4 0.086100 0 0 0.000000 20 0.0 0.0
60 4.5 0.087400 0 0 0.000000 20 0.0 0.0
60 4.6 0.085800 0 0 0.000000 20 0.0 0.0
60 4.7 0.083550 0 0 0.000000 20 0.0 0.0
60 4.8 0.086200 0 0 0.000000 20 0.0 0.0
60 4.9 0.090900 0 0 0.000000 20 0.0 0.0
60 5.0 0.090100 0 0 0.000000 20 0.0 0.0
70 3.0 0.083850 0 0 0.000000 20 0.0 0.0
70 3.1 0.083600 0 0 0.000000 20 0.0 0.0
70 3.2 0.084850 0 0 0.000000 20 0.0 0.0
70 3.3 0.080050 0 0 0.000000 20 0.0 0.0
70 3.4 0.086550 0 0 0.000000 20 0.0 0.0
70 3.5 0.084700 0 0 0.000000 20 0.0 0.0
70 3.6 0.084950 0 0 0.000000 20 0.0 0.0
70 3.7 0.082650 0 0 0.000000 20 0.0 0.0
70 3.8 0.087250 0 0 0.000000 20 0.0 0.0
70 3.9 0.084250 0 0 0.000000 20 0.0 0.0
70 4.0 0.086950 0 0 0.000000 20 0.0 0.0
70 4.1 0.085600 0 0 0.000000 20 0.0 0.0
70 4.2 0.084250 0 0 0.000000 20 0.0 0.0
70 4.3 0.083700 0 0 0.000000 20 0.0 0.0
70 4.4 0.089300 0 0 0.000000 20 0.0 0.0
70 4.5 0.086500 0 0 0.000000 20 0.0 0.0
70 4.6 0.086700 0 0 0.000000 20 0.0 0.0
70 4.7 0.090000 0 0 0.000000 20 0.0 0.0
70 4.8 0.088450 0 0 0.000000 20 0.0 0.0
70 4.9 0.083750 0 0 0.000000 20 0.0 0.0
70 5.0 0.091800 0 0 0.000000 20 0.0 0.0
80 3.0 0.087350 0 0 0.000000 20 0.0 0.0
80 3.1 0.088450 0 0 0.000000 20 0.0 0.0
80 3.2 0.084650 0 0 0.000000 20 0.0 0.0
80 3.3 0.084000 0 0 0.000000 20 0.0 0.0
80 3.4 0.081050 0 0 0.000000 20 0.0 0.0
80 3.5 0.083500 0 0 0.000000 20 0.0 0.0
80 3.6 0.080000 0 0 0.000000 20 0.0 0.0
80 3.7 0.082650 0 0 0.000000 20 0.0 0.0
80 3.8 0.087950 0 0 0.000000 20 0.0 0.0
80 3.9 0.087900 0 0 0.000000 20 0.0 0.0
80 4.0 0.086650 0 0 0.000000 20 0.0 0.0
80 4.1 0.085900 0 0 0.000000 20 0.0 0.0
80 4.2 0.089900 0 0 0.000000 20 0.0 0.0
80 4.3 0.085450 0 0 0.000000 20 0.0 0.0
80 4.4 0.085850 0 0 0.000000 20 0.0 0.0
80 4.5 0.085600 0 0 0.000000 20 0.0 0.0
80 4.6 0.087050 0 0 0.000000 20 0.0 0.0
80 4.7 0.091250 0 0 0.000000 20 0.0 0.0
80 4.8 0.083150 0 0 0.000000 20 0.0 0.0
80 4.9 0.096700 0 0 0.000000 20 0.0 0.0
80 5.0 0.086850 0 0 0.000000 20 0.0 0.0
90 3.0 0.085550 0 0 0.000000 20 0.0 0.0
90 3.1 0.086950 0 0 0.000000 20 0.0 0.0
90 3.2 0.090000 0 0 0.000000 20 0.0 0.0
90 3.3 0.086200 0 0 0.000000 20 0.0 0.0
90 3.4 0.086950 0 0 0.000000 20 0.0 0.0
90 3.5 0.085700 0 0 0.000000 20 0.0 0.0
90 3.6 0.087600 0 0 0.000000 20 0.0 0.0
90 3.7 0.084950 0 0 0.000000 20 0.0 0.0
90 3.8 0.093050 0 0 0.000000 20 0.0 0.0
90 3.9 0.090750 0 0 0.000000 20 0.0 0.0
90 4.0 0.092150 0 0 0.000000 20 0.0 0.0
90 4.1 0.083250 0 0 0.000000 20 0.0 0.0
90 4.2 0.088250 0 0 0.000000 20 0.0 0.0
90 4.3 0.089700 0 0 0.000000 20 0.0 0.0
90 4.4 0.089800 0 0 0.000000 20 0.0 0.0
90 4.5 0.088350 0 0 0.000000 20 0.0 0.0
90 4.6 0.087750 0 0 0.000000 20 0.0 0.0
90 4.7 0.087550 0 0 0.000000 20 0.0 0.0
90 4.8 0.084050 0 0 0.000000 20 0.0 0.0
90 4.9 0.088900 0 0 0.000000 20 0.0 0.0
90 5.0 0.086600 0 0 0.000000 20 0.0 0.0
100 3.0 0.087950 0 0 0.000000 20 0.0 0.0
100 3.1 0.088850 0 0 0.000000 20 0.0 0.0
100 3.2 0.085000 0 0 0.000000 20 0.0 0.0
100 3.3 0.089150 0 0 0.000000 20 0.0 0.0
100 3.4 0.086500 0 0 0.000000 20 0.0 0.0
100 3.5 0.086650 0 0 0.000000 20 0.0 0.0
100 3.6 0.092100 0 0 0.000000 20 0.0 0.0
100 3.7 0.089850 0 0 0.000000 20 0.0 0.0
100 3.8 0.087950 0 0 0.000000 20 0.0 0.0
100 3.9 0.091450 0 0 0.000000 20 0.0 0.0
100 4.0 0.090800 0 0 0.000000 20 0.0 0.0
100 4.1 0.094000 0 0 0.000000 20 0.0 0.0
100 4.2 0.090150 0 0 0.000000 20 0.0 0.0
100 4.3 0.093700 0 0 0.000000 20 0.0 0.0
100 4.4 0.087900 0 0 0.000000 20 0.0 0.0
100 4.5 0.094700 0 0 0.000000 20 0.0 0.0
100 4.6 0.095400 0 0 0.000000 20 0.0 0.0
100 4.7 0.101200 0 0 0.000000 20 0.0 0.0
100 4.8 0.094800 0 0 0.000000 20 0.0 0.0
100 4.9 0.092500 0 0 0.000000 20 0.0 0.0
100 5.0 0.087350 0 0 0.000000 20 0.0 0.0
110 3.0 0.089300 0 0 0.000000 20 0.0 0.0
110 3.1 0.088800 0 0 0.000000 20 0.0 0.0
110 3.2 0.092800 0 0 0.000000 20 0.0 0.0
110 3.3 0.084400 0 0 0.000000 20 0.0 0.0
110 3.4 0.097100 0 0 0.000000 20 0.0 0.0
110 3.5 0.087600 0 0 0.000000 20 0.0 0.0
110 3.6 0.086250 0 0 0.000000 20 0.0 0.0
110 3.7 0.084950 0 0 0.000000 20 0.0 0.0
110 3.8 0.089600 0 0 0.000000 20 0.0 0.0
110 3.9 0.090250 0 0 0.000000 20 0.0 0.0
110 4.0 0.094600 0 0 0.000000 20 0.0 0.0
110 4.1 0.089200 0 0 0.000000 20 0.0 0.0
110 4.2 0.101850 0 0 0.000000 20 0.0 0.0
110 4.3 0.089550 0 0 0.000000 20 0.0 0.0
110 4.4 0.092300 0 0 0.000000 20 0.0 0.0
110 4.5 0.093050 0 0 0.000000 20 0.0 0.0
110 4.6 0.093700 0 0 0.000000 20 0.0 0.0
110 4.7 0.093850 0 0 0.000000 20 0.0 0.0
110 4.8 0.094250 0 0 0.000000 20 0.0 0.0
110 4.9 0.095000 0 0 0.000000 20 0.0 0.0
110 5.0 0.098750 0 0 0.000000 20 0.0 0.0
120 3.0 0.089850 0 0 0.000000 20 0.0 0.0
120 3.1 0.086100 0 0 0.000000 20 0.0 0.0
120 3.2 0.087350 0 0 0.000000 20 0.0 0.0
120 3.3 0.087000 0 0 0.000000 20 0.0 0.0
120 3.4 0.091450 0 0 0.000000 20 0.0 0.0
120 3.5 0.092550 0 0 0.000000 20 0.0 0.0
120 3.6 0.091900 0 0 0.000000 20 0.0 0.0
120 3.7 0.091500 0 0 0.000000 20 0.0 0.0
120 3.8 0.091600 0 0 0.000000 20 0.0 0.0
120 3.9 0.091950 0 0 0.000000 20 0.0 0.0
120 4.0 0.092250 0 0 0.000000 20 0.0 0.0
120 4.1 0.088550 0 0 0.000000 20 0.0 0.0
120 4.2 0.091900 0 0 0.000000 20 0.0 0.0
120 4.3 0.091900 0 0 0.000000 20 0.0 0.0
120 4.4 0.090100 0 0 0.000000 20 0.0 0.0
120 4.5 0.099250 0 0 0.000000 20 0.0 0.0
120 4.6 0.097850 0 0 0.000000 20 0.0 0.0
120 4.7 0.096750 0 0 0.000000 20 0.0 0.0
120 4.8 0.094850 0 0 0.000000 20 0.0 0.0
120 4.9 0.101500 0 0 0.000000 20 0.0 0.0
120 5.0 0.095350 0 0 0.000000 20 0.0 0.0
130 3.0 0.086750 0 0 0.000000 20 0.0 0.0
130 3.1 0.091150 0 0 0.000000 20 0.0 0.0
130 3.2 0.088900 0 0 0.000000 20 0.0 0.0
130 3.3 0.090500 0 0 0.000000 20 0.0 0.0
130 3.4 0.086350 0 0 0.000000 20 0.0 0.0
130 3.5 0.089050 0 0 0.000000 20 0.0 0.0
130 3.6 0.089450 0 0 0.000000 20 0.0 0.0
130 3.7 0.097700 0 0 0.000000 20 0.0 0.0
130 3.8 0.087050 0 0 0.000000 20 0.0 0.0
130 3.9 0.095700 0 0 0.000000 20 0.0 0.0
130 4.0 0.094050 0 0 0.000000 20 0.0 0.0
130 4.1 0.090750 0 0 0.000000 20 0.0 0.0
130 4.2 0.100200 0 0 0.000000 20 0.0 0.0
130 4.3 0.094100 0 0 0.000000 20 0.0 0.0
130 4.4 0.091700 0 0 0.000000 20 0.0 0.0
130 4.5 0.097100 0 0 0.000000 20 0.0 0.0
130 4.6 0.099700 0 0 0.000000 20 0.0 0.0
130 4.7 0.093150 0 0 0.000000 20 0.0 0.0
130 4.8 0.102350 0 0 0.000000 20 0.0 0.0
130 4.9 0.094750 0 0 0.000000 20 0.0 0.0
130 5.0 0.093750 0 0 0.000000 20 0.0 0.0
140 3.0 0.089900 0 0 0.000000 20 0.0 0.0
140 3.1 0.092850 0 0 0.000000 20 0.0 0.0
140 3.2 0.090850 0 0 0.000000 20 0.0 0.0
140 3.3 0.092200 0 0 0.000000 20 0.0 0.0
140 3.4 0.092850 0 0 0.000000 20 0.0 0.0
140 3.5 0.092000 0 0 0.000000 20 0.0 0.0
140 3.6 0.091800 0 0 0.000000 20 0.0 0.0
140 3.7 0.097950 0 0 0.000000 20 0.0 0.0
140 3.8 0.093600 0 0 0.000000 20 0.0 0.0
140 3.9 0.100650 0 0 0.000000 20 0.0 0.0
140 4.0 0.098200 0 0 0.000000 20 0.0 0.0
140 4.1 0.092550 0 0 0.000000 20 0.0 0.0
140 4.2 0.092000 0 0 0.000000 20 0.0 0.0
140 4.3 0.093850 0 0 0.000000 20 0.0 0.0
140 4.4 0.097100 0 0 0.000000 20 0.0 0.0
140 4.5 0.102800 0 0 0.000000 20 0.0 0.0
140 4.6 0.101350 0 0 0.000000 20 0.0 0.0
140 4.7 0.091650 0 0 0.000000 20 0.0 0.0
140 4.8 0.097350 0 0 0.000000 20 0.0 0.0
140 4.9 0.108450 0 0 0.000000 20 0.0 0.0
140 5.0 0.097700 0 0 0.000000 20 0.0 0.0
150 3.0 0.085400 0 0 0.000000 20 0.0 0.0
150 3.1 0.093150 0 0 0.000000 20 0.0 0.0
150 3.2 0.089200 0 0 0.000000 20 0.0 0.0
150 3.3 0.090250 0 0 0.000000 20 0.0 0.0
150 3.4 0.096250 0 0 0.000000 20 0.0 0.0
150 3.5 0.089300 0 0 0.000000 20 0.0 0.0
150 3.6 0.094450 0 0 0.000000 20 0.0 0.0
150 3.7 0.093600 0 0 0.000000 20 0.0 0.0
150 3.8 0.094700 0 0 0.000000 20 0.0 0.0
150 3.9 0.095850 0 0 0.000000 20 0.0 0.0
150 4.0 0.092950 0 0 0.000000 20 0.0 0.0
150 4.1 0.098350 0 0 0.000000 20 0.0 0.0
150 4.2 0.094950 0 0 0.000000 20 0.0 0.0
150 4.3 0.099650 0 0 0.000000 20 0.0 0.0
150 4.4 0.102600 0 0 0.000000 20 0.0 0.0
150 4.5 0.098800 0 0 0.000000 20 0.0 0.0
150 4.6 0.099150 0 0 0.000000 20 0.0 0.0
150 4.7 0.102550 0 0 0.000000 20 0.0 0.0
150 4.8 0.100350 0 0 0.000000 20 0.0 0.0
150 4.9 0.095950 0 0 0.000000 20 0.0 0.0
150 5.0 0.102550 0 0 0.000000 20 0.0 0.0
160 3.0 0.092700 0 0 0.000000 20 0.0 0.0
160 3.1 0.092150 0 0 0.000000 20 0.0 0.0
160 3.2 0.095150 0 0 0.000000 20 0.0 0.0
160 3.3 0.093400 0 0 0.000000 20 0.0 0.0
160 3.4 0.096950 0 0 0.000000 20 0.0 0.0
160 3.5 0.092850 0 0 0.000000 20 0.0 0.0
160 3.6 0.097500 0 0 0.000000 20 0.0 0.0
160 3.7 0.098800 0 0 0.000000 20 0.0 0.0
160 3.8 0.090550 0 0 0.000000 20 0.0 0.0
160 3.9 0.097000 0 0 0.000000 20 0.0 0.0
160 4.0 0.098600 0 0 0.000000 20 0.0 0.0
160 4.1 0.098200 0 0 0.000000 20 0.0 0.0
160 4.2 0.096500 0 0 0.000000 20 0.0 0.0
160 4.3 0.099900 0 0 0.000000 20 0.0 0.0
160 4.4 0.095200 0 0 0.000000 20 0.0 0.0
160 4.5 0.105700 0 0 0.000000 20 0.0 0.0
160 4.6 0.096600 0 0 0.000000 20 0.0 0.0
160 4.7 0.098800 0 0 0.000000 20 0.0 0.0
160 4.8 0.112250 0 0 0.000000 20 0.0 0.0
160 4.9 0.110200 0 0 0.000000 20 0.0 0.0
160 5.0 0.098250 0 0 0.000000 20 0.0 0.0
170 3.0 0.092650 0 0 0.000000 20 0.0 0.0
170 3.1 0.097100 0 0 0.000000 20 0.0 0.0
170 3.2 0.096900 0 0 0.000000 20 0.0 0.0
170 3.3 0.093150 0 0 0.000000 20 0.0 0.0
170 3.4 0.101900 0 0 0.000000 20 0.0 0.0
170 3.5 0.094850 0 0 0.000000 20 0.0 0.0
170 3.6 0.100600 0 0 0.000000 20 0.0 0.0
170 3.7 0.094150 0 0 0.000000 20 0.0 0.0
170 3.8 0.099600 0 0 0.000000 20 0.0 0.0
170 3.9 0.092600 0 0 0.000000 20 0.0 0.0
170 4.0 0.095250 0 0 0.000000 20 0.0 0.0
170 4.1 0.094000 0 0 0.000000 20 0.0 0.0
170 4.2 0.099750 0 0 0.000000 20 0.0 0.0
170 4.3 0.103650 0 0 0.000000 20 0.0 0.0
170 4.4 0.100850 0 0 0.000000 20 0.0 0.0
170 4.5 0.104200 0 0 0.000000 20 0.0 0.0
170 4.6 0.104150 0 0 0.000000 20 0.0 0.0
170 4.7 0.108400 0 0 0.000000 20 0.0 0.0
170 4.8 0.107700 0 0 0.000000 20 0.0 0.0
170 4.9 0.101200 0 0 0.000000 20 0.0 0.0
170 5.0 0.106200 0 0 0.000000 20 0.0 0.0
180 3.0 0.089250 0 0 0.000000 20 0.0 0.0
180 3.1 0.100250 0 0 0.000000 20 0.0 0.0
180 3.2 0.096400 0 0 0.000000 20 0.0 0.0
180 3.3 0.095450 0 0 0.000000 20 0.0 0.0
180 3.4 0.097450 0 0 0.000000 20 0.0 0.0
180 3.5 0.096450 0 0 0.000000 20 0.0 0.0
180 3.6 0.100450 0 0 0.000000 20 0.0 0.0
180 3.7 0.097350 0 0 0.000000 20 0.0 0.0
180 3.8 0.101350 0 0 0.000000 20 0.0 0.0
180 3.9 0.101150 0 0 0.000000 20 0.0 0.0
180 4.0 0.092800 0 0 0.000000 20 0.0 0.0
180 4.1 0.099200 0 0 0.000000 20 0.0 0.0
180 4.2 0.103000 0 0 0.000000 20 0.0 0.0
180 4.3 0.106250 0 0 0.000000 20 0.0 0.0
180 4.4 0.104200 0 0 0.000000 20 0.0 0.0
180 4.5 0.109200 0 0 0.000000 20 0.0 0.0
180 4.6 0.101800 0 0 0.000000 20 0.0 0.0
180 4.7 0.103850 0 0 0.000000 20 0.0 0.0
180 4.8 0.103450 0 0 0.000000 20 0.0 0.0
180 4.9 0.107750 0 0 0.000000 20 0.0 0.0
180 5.0 0.116200 0 0 0.000000 20 0.0 0.0
190 3.0 0.095550 0 0 0.000000 20 0.0 0.0
190 3.1 0.090750 0 0 0.000000 20 0.0 0.0
190 3.2 0.095750 0 0 0.000000 20 0.0 0.0
190 3.3 0.095100 0 0 0.000000 20 0.0 0.0
190 3.4 0.099700 0 0 0.000000 20 0.0 0.0
190 3.5 0.097850 0 0 0.000000 20 0.0 0.0
190 3.6 0.100450 0 0 0.000000 20 0.0 0.0
190 3.7 0.095000 0 0 0.000000 20 0.0 0.0
190 3.8 0.104200 0 0 0.000000 20 0.0 0.0
190 3.9 0.104700 0 0 0.000000 20 0.0 0.0
190 4.0 0.100750 0 0 0.000000 20 0.0 0.0
190 4.1 0.102700 0 0 0.000000 20 0.0 0.0
190 4.2 0.100700 0 0 0.000000 20 0.0 0.0
190 4.3 0.108250 0 0 0.000000 20 0.0 0.0
190 4.4 0.103900 0 0 0.000000 20 0.0 0.0
190 4.5 0.108100 0 0 0.000000 20 0.0 0.0
190 4.6 0.108050 0 0 0.000000 20 0.0 0.0
190 4.7 0.107850 0 0 0.000000 20 0.0 0.0
190 4.8 0.104800 0 0 0.000000 20 0.0 0.0
190 4.9 0.112550 0 0 0.000000 20 0.0 0.0
190 5.0 0.112250 0 0 0.000000 20 0.0 0.0
200 3.0 0.105100 0 0 0.000000 20 0.0 0.0
200 3.1 0.100900 0 0 0.000000 20 0.0 0.0
200 3.2 0.098800 0 0 0.000000 20 0.0 0.0
200 3.3 0.095850 0 0 0.000000 20 0.0 0.0
200 3.4 0.095550 0 0 0.000000 20 0.0 0.0
200 3.5 0.101750 0 0 0.000000 20 0.0 0.0
200 3.6 0.102550 0 0 0.000000 20 0.0 0.0
200 3.7 0.100000 0 0 0.000000 20 0.0 0.0
200 3.8 0.105850 0 0 0.000000 20 0.0 0.0
200 3.9 0.103750 0 0 0.000000 20 0.0 0.0
200 4.0 0.103800 0 0 0.000000 20 0.0 0.0
200 4.1 0.115100 0 0 0.000000 20 0.0 0.0
200 4.2 0.114000 0 0 0.000000 20 0.0 0.0
200 4.3 0.115000 0 0 0.000000 20 0.0 0.0
200 4.4 0.103250 0 0 0.000000 20 0.0 0.0
200 4.5 0.107050 0 0 0.000000 20 0.0 0.0
200 4.6 0.111750 0 0 0.000000 20 0.0 0.0
200 4.7 0.121050 0 0 0.000000 20 0.0 0.0
200 4.8 0.124650 0 0 0.000000 20 0.0 0.0
200 4.9 0.111200 0 0 0.000000 20 0.0 0.0
200 5.0 0.114650 0 0 0.000000 20 0.0 0.0
