50 3.0 0.081450 0 0 0.000000 20 0.0 0.0
50 3.1 0.082850 0 0 0.000000 20 0.0 0.0
50 3.2 0.081350 0 0 0.000000 20 0.0 0.0
50 3.3 0.084900 0 0 0.000000 20 0.0 0.0
50 3.4 0.081650 0 0 0.000000 20 0.0 0.0
50 3.5 0.080200 0 0 0.000000 20 0.0 0.0
50 3.6 0.080250 0 0 0.000000 20 0.0 0.0
50 3.7 0.084050 0 0 0.000000 20 0.0 0.0
50 3.8 0.082100 0 0 0.000000 20 0.0 0.0
50 3.9 0.081650 0 0 0.000000 20 0.0 0.0
50 4.0 0.084050 0 0 0.000000 20 0.0 0.0
50 4.1 0.084200 0 0 0.000000 20 0.0 0.0
50 4.2 0.080750 0 0 0.000000 20 0.0 0.0
50 4.3 0.089200 0 0 0.000000 20 0.0 0.0
50 4.4 0.082850 0 0 0.000000 20 0.0 0.0
50 4.5 0.082550 0 0 0.000000 20 0.0 0.0
50 4.6 0.083400 0 0 0.000000 20 0.0 0.0
50 4.7 0.088000 0 0 0.000000 20 0.0 0.0
50 4.8 0.085950 0 0 0.000000 20 0.0 0.0
50 4.9 0.087900 0 0 0.000000 20 0.0 0.0
50 5.0 0.084800 0 0 0.000000 20 0.0 0.0
60 3.0 0.082200 0 0 0.000000 20 0.0 0.0
60 3.1 0.081650 0 0 0.000000 20 0.0 0.0
60 3.2 0.081850 0 0 0.000000 20 0.0 0.0
60 3.3 0.084950 0 0 0.000000 20 0.0 0.0
60 3.4 0.080700 0 0 0.000000 20 0.0 0.0
60 3.5 0.087450 0 0 0.000000 20 0.0 0.0
60 3.6 0.080550 0 0 0.000000 20 0.0 0.0
60 3.7 0.086200 0 0 0.000000 20 0.0 0.0
60 3.8 0.080000 0 0 0.000000 20 0.0 0.0
60 3.9 0.084250 0 0 0.000000 20 0.0 0.0
60 4.0 0.083700 0 0 0.000000 20 0.0 0.0
60 4.1 0.088600 0 0 0.000000 20 0.0 0.0
60 4.2 0.080500 0 0 0.000000 20 0.0 0.0
60 4.3 0.082750 0 0 0.000000 20 0.0 0.0
60 4.4 0.082000 0 0 0.000000 20 0.0 0.0
60 4.5 0.084900 0 0 0.000000 20 0.0 0.0
60 4.6 0.088450 0 0 0.000000 20 0.0 0.0
60 4.7 0.087700 0 0 0.000000 20 0.0 0.0
60 4.8 0.085950 0 0 0.000000 20 0.0 0.0
60 4.9 0.087550 0 0 0.000000 20 0.0 0.0
60 5.0 0.089050 0 0 0.050000 20 1.0 2.0
70 3.0 0.088450 0 0 0.000000 20 0.0 0.0
70 3.1 0.087000 0 0 0.000000 20 0.0 0.0
70 3.2 0.086300 0 0 0.000000 20 0.0 0.0
70 3.3 0.096850 0 0 0.000000 20 0.0 0.0
70 3.4 0.084800 0 0 0.000000 20 0.0 0.0
70 3.5 0.082350 0 0 0.000000 20 0.0 0.0
70 3.6 0.086150 0 0 0.000000 20 0.0 0.0
70 3.7 0.088450 0 0 0.000000 20 0.0 0.0
70 3.8 0.085700 0 0 0.000000 20 0.0 0.0
70 3.9 0.084250 0 0 0.000000 20 0.0 0.0
70 4.0 0.082950 0 0 0.000000 20 0.0 0.0
70 4.1 0.083150 0 0 0.000000 20 0.0 0.0
70 4.2 0.089450 0 0 0.000000 20 0.0 0.0
70 4.3 0.085900 0 0 0.000000 20 0.0 0.0
70 4.4 0.083800 0 0 0.000000 20 0.0 0.0
70 4.5 0.089650 0 0 0.000000 20 0.0 0.0
70 4.6 0.091700 0 0 0.000000 20 0.0 0.0
70 4.7 0.088600 0 0 0.000000 20 0.0 0.0
70 4.8 0.091550 0 0 0.000000 20 0.0 0.0
70 4.9 0.087800 0 0 0.000000 20 0.0 0.0
70 5.0 0.094200 0 0 0.000000 20 0.0 0.0
80 3.0 0.085400 0 0 0.000000 20 0.0 0.0
80 3.1 0.085450 0 0 0.000000 20 0.0 0.0
80 3.2 0.086400 0 0 0.000000 20 0.0 0.0
80 3.3 0.086950 0 0 0.000000 20 0.0 0.0
80 3.4 0.089850 0 0 0.000000 20 0.0 0.0
80 3.5 0.094350 0 0 0.000000 20 0.0 0.0
80 3.6 0.085800 0 0 0.000000 20 0.0 0.0
80 3.7 0.087350 0 0 0.000000 20 0.0 0.0
80 3.8 0.087450 0 0 0.000000 20 0.0 0.0
80 3.9 0.083800 0 0 0.000000 20 0.0 0.0
80 4.0 0.088350 0 0 0.050000 20 1.0 2.0
80 4.1 0.086600 0 0 0.000000 20 0.0 0.0
80 4.2 0.088850 0 0 0.000000 20 0.0 0.0
80 4.3 0.088000 0 0 0.000000 20 0.0 0.0
80 4.4 0.087050 0 0 0.000000 20 0.0 0.0
80 4.5 0.090250 0 0 0.000000 20 0.0 0.0
80 4.6 0.083750 0 0 0.000000 20 0.0 0.0
80 4.7 0.092200 0 0 0.000000 20 0.0 0.0
80 4.8 0.089500 0 0 0.000000 20 0.0 0.0
80 4.9 0.088100 0 0 0.000000 20 0.0 0.0
80 5.0 0.088950 0 0 0.000000 20 0.0 0.0
90 3.0 0.082550 0 0 0.000000 20 0.0 0.0
90 3.1 0.082550 0 0 0.000000 20 0.0 0.0
90 3.2 0.086200 0 0 0.000000 20 0.0 0.0
90 3.3 0.090650 0 0 0.000000 20 0.0 0.0
90 3.4 0.090800 0 0 0.000000 20 0.0 0.0
90 3.5 0.091800 0 0 0.000000 20 0.0 0.0
90 3.6 0.090100 0 0 0.000000 20 0.0 0.0
90 3.7 0.090650 0 0 0.000000 20 0.0 0.0
90 3.8 0.090350 0 0 0.000000 20 0.0 0.0
90 3.9 0.090000 0 0 0.000000 20 0.0 0.0
90 4.0 0.094650 0 0 0.000000 20 0.0 0.0
90 4.1 0.092200 0 0 0.000000 20 0.0 0.0
90 4.2 0.090300 0 0 0.000000 20 0.0 0.0
90 4.3 0.086350 0 0 0.000000 20 0.0 0.0
90 4.4 0.094100 0 0 0.000000 20 0.0 0.0
90 4.5 0.093200 0 0 0.000000 20 0.0 0.0
90 4.6 0.093000 0 0 0.000000 20 0.0 0.0
90 4.7 0.088250 0 0 0.000000 20 0.0 0.0
90 4.8 0.090700 0 0 0.000000 20 0.0 0.0
90 4.9 0.094400 0 0 0.000000 20 0.0 0.0
90 5.0 0.094350 0 0 0.000000 20 0.0 0.0
100 3.0 0.087600 0 0 0.000000 20 0.0 0.0
100 3.1 0.086150 0 0 0.000000 20 0.0 0.0
100 3.2 0.083850 0 0 0.000000 20 0.0 0.0
100 3.3 0.089450 0 0 0.000000 20 0.0 0.0
100 3.4 0.085200 0 0 0.000000 20 0.0 0.0
100 3.5 0.090450 0 0 0.000000 20 0.0 0.0
100 3.6 0.089700 0 0 0.000000 20 0.0 0.0
100 3.7 0.093550 0 0 0.000000 20 0.0 0.0
100 3.8 0.087600 0 0 0.000000 20 0.0 0.0
100 3.9 0.090550 0 0 0.000000 20 0.0 0.0
100 4.0 0.088100 0 0 0.000000 20 0.0 0.0
100 4.1 0.097700 0 0 0.000000 20 0.0 0.0
100 4.2 0.098450 0 0 0.000000 20 0.0 0.0
100 4.3 0.090950 0 0 0.000000 20 0.0 0.0
100 4.4 0.092350 0 0 0.050000 20 1.0 2.0
100 4.5 0.088750 0 0 0.000000 20 0.0 0.0
100 4.6 0.094550 0 0 0.000000 20 0.0 0.0
100 4.7 0.100100 0 0 0.000000 20 0.0 0.0
100 4.8 0.094300 0 0 0.000000 20 0.0 0.0
100 4.9 0.095650 0 0 0.000000 20 0.0 0.0
100 5.0 0.090950 0 0 0.000000 20 0.0 0.0
110 3.0 0.090000 0 0 0.000000 20 0.0 0.0
110 3.1 0.087600 0 0 0.000000 20 0.0 0.0
110 3.2 0.088850 0 0 0.000000 20 0.0 0.0
110 3.3 0.094900 0 0 0.000000 20 0.0 0.0
110 3.4 0.095400 0 0 0.000000 20 0.0 0.0
110 3.5 0.089200 0 0 0.000000 20 0.0 0.0
110 3.6 0.089250 0 0 0.000000 20 0.0 0.0
110 3.7 0.089800 0 0 0.000000 20 0.0 0.0
110 3.8 0.092400 0 0 0.000000 20 0.0 0.0
110 3.9 0.098950 0 0 0.000000 20 0.0 0.0
110 4.0 0.088100 0 0 0.000000 20 0.0 0.0
110 4.1 0.090800 0 0 0.000000 20 0.0 0.0
110 4.2 0.095800 0 0 0.000000 20 0.0 0.0
110 4.3 0.096500 0 0 0.050000 20 1.0 2.0
110 4.4 0.095350 0 0 0.000000 20 0.0 0.0
110 4.5 0.097600 0 0 0.000000 20 0.0 0.0
110 4.6 0.089400 0 0 0.000000 20 0.0 0.0
110 4.7 0.097650 0 0 0.000000 20 0.0 0.0
110 4.8 0.094050 0 0 0.000000 20 0.0 0.0
110 4.9 0.100000 0 0 0.000000 20 0.0 0.0
110 5.0 0.096300 0 0 0.050000 20 1.0 2.0
120 3.0 0.087900 0 0 0.000000 20 0.0 0.0
120 3.1 0.089850 0 0 0.000000 20 0.0 0.0
120 3.2 0.090150 0 0 0.000000 20 0.0 0.0
120 3.3 0.090550 0 0 0.000000 20 0.0 0.0
120 3.4 0.090650 0 0 0.000000 20 0.0 0.0
120 3.5 0.091200 0 0 0.000000 20 0.0 0.0
120 3.6 0.093550 0 0 0.000000 20 0.0 0.0
120 3.7 0.088250 0 0 0.000000 20 0.0 0.0
120 3.8 0.090800 0 0 0.000000 20 0.0 0.0
120 3.9 0.090950 0 0 0.000000 20 0.0 0.0
120 4.0 0.092850 0 0 0.050000 20 1.0 2.0
120 4.1 0.093400 0 0 0.000000 20 0.0 0.0
120 4.2 0.093600 0 0 0.000000 20 0.0 0.0
120 4.3 0.089500 0 0 0.000000 20 0.0 0.0
120 4.4 0.099250 0 0 0.000000 20 0.0 0.0
120 4.5 0.097550 0 0 0.000000 20 0.0 0.0
120 4.6 0.095550 0 0 0.000000 20 0.0 0.0
120 4.7 0.100300 0 0 0.000000 20 0.0 0.0
120 4.8 0.096450 0 0 0.000000 20 0.0 0.0
120 4.9 0.103400 0 0 0.000000 20 0.0 0.0
120 5.0 0.097350 0 0 0.000000 20 0.0 0.0
130 3.0 0.093900 0 0 0.000000 20 0.0 0.0
130 3.1 0.087800 0 0 0.000000 20 0.0 0.0
130 3.2 0.097000 0 0 0.000000 20 0.0 0.0
130 3.3 0.096250 0 0 0.000000 20 0.0 0.0
130 3.4 0.084650 0 0 0.000000 20 0.0 0.0
130 3.5 0.095250 0 0 0.000000 20 0.0 0.0
130 3.6 0.094900 0 0 0.000000 20 0.0 0.0
130 3.7 0.101800 0 0 0.000000 20 0.0 0.0
130 3.8 0.103200 0 0 0.000000 20 0.0 0.0
130 3.9 0.099100 0 0 0.000000 20 0.0 0.0
130 4.0 0.095050 0 0 0.000000 20 0.0 0.0
130 4.1 0.097000 0 0 0.000000 20 0.0 0.0
130 4.2 0.096800 0 0 0.000000 20 0.0 0.0
130 4.3 0.099500 0 0 0.000000 20 0.0 0.0
130 4.4 0.096500 0 0 0.000000 20 0.0 0.0
130 4.5 0.097700 0 0 0.000000 20 0.0 0.0
130 4.6 0.098150 0 0 0.000000 20 0.0 0.0
130 4.7 0.101550 0 0 0.000000 20 0.0 0.0
130 4.8 0.103250 0 0 0.000000 20 0.0 0.0
130 4.9 0.103250 0 0 0.000000 20 0.0 0.0
130 5.0 0.099600 0 0 0.050000 20 1.0 2.0
140 3.0 0.098800 0 0 0.000000 20 0.0 0.0
140 3.1 0.091400 0 0 0.000000 20 0.0 0.0
140 3.2 0.096150 0 0 0.000000 20 0.0 0.0
140 3.3 0.093650 0 0 0.000000 20 0.0 0.0
140 3.4 0.090650 0 0 0.000000 20 0.0 0.0
140 3.5 0.087850 0 0 0.000000 20 0.0 0.0
140 3.6 0.092100 0 0 0.000000 20 0.0 0.0
140 3.7 0.089500 0 0 0.000000 20 0.0 0.0
140 3.8 0.097000 0 0 0.000000 20 0.0 0.0
140 3.9 0.100650 0 0 0.000000 20 0.0 0.0
140 4.0 0.092550 0 0 0.000000 20 0.0 0.0
140 4.1 0.096350 0 0 0.000000 20 0.0 0.0
140 4.2 0.098800 0 0 0.000000 20 0.0 0.0
140 4.3 0.100200 0 0 0.000000 20 0.0 0.0
140 4.4 0.097750 0 0 0.000000 20 0.0 0.0
140 4.5 0.101050 0 0 0.000000 20 0.0 0.0
140 4.6 0.098300 0 0 0.000000 20 0.0 0.0
140 4.7 0.101600 0 0 0.000000 20 0.0 0.0
140 4.8 0.099700 0 0 0.000000 20 0.0 0.0
140 4.9 0.108750 0 0 0.000000 20 0.0 0.0
140 5.0 0.101150 0 0 0.000000 20 0.0 0.0
150 3.0 0.093250 0 0 0.000000 20 0.0 0.0
150 3.1 0.092500 0 0 0.000000 20 0.0 0.0
150 3.2 0.095300 0 0 0.000000 20 0.0 0.0
150 3.3 0.094000 0 0 0.000000 20 0.0 0.0
150 3.4 0.100100 0 0 0.000000 20 0.0 0.0
150 3.5 0.094200 0 0 0.000000 20 0.0 0.0
150 3.6 0.095250 0 0 0.000000 20 0.0 0.0
150 3.7 0.096600 0 0 0.000000 20 0.0 0.0
150 3.8 0.100650 0 0 0.000000 20 0.0 0.0
150 3.9 0.094900 0 0 0.000000 20 0.0 0.0
150 4.0 0.096100 0 0 0.000000 20 0.0 0.0
150 4.1 0.093500 0 0 0.000000 20 0.0 0.0
150 4.2 0.100250 0 0 0.000000 20 0.0 0.0
150 4.3 0.106100 0 0 0.000000 20 0.0 0.0
150 4.4 0.098600 0 0 0.000000 20 0.0 0.0
150 4.5 0.100050 0 0 0.000000 20 0.0 0.0
150 4.6 0.101250 0 0 0.000000 20 0.0 0.0
150 4.7 0.101950 0 0 0.000000 20 0.0 0.0
150 4.8 0.100600 0 0 0.000000 20 0.0 0.0
150 4.9 0.102800 0 0 0.000000 20 0.0 0.0
150 5.0 0.110200 0 0 0.000000 20 0.0 0.0
160 3.0 0.093250 0 0 0.000000 20 0.0 0.0
160 3.1 0.093400 0 0 0.000000 20 0.0 0.0
160 3.2 0.094300 0 0 0.000000 20 0.0 0.0
160 3.3 0.099300 0 0 0.000000 20 0.0 0.0
160 3.4 0.094850 0 0 0.000000 20 0.0 0.0
160 3.5 0.097150 0 0 0.000000 20 0.0 0.0
160 3.6 0.096800 0 0 0.000000 20 0.0 0.0
160 3.7 0.095100 0 0 0.000000 20 0.0 0.0
160 3.8 0.098700 0 0 0.000000 20 0.0 0.0
160 3.9 0.096950 0 0 0.000000 20 0.0 0.0
160 4.0 0.098300 0 0 0.000000 20 0.0 0.0
160 4.1 0.100300 0 0 0.000000 20 0.0 0.0
160 4.2 0.107100 0 0 0.000000 20 0.0 0.0
160 4.3 0.097800 0 0 0.000000 20 0.0 0.0
160 4.4 0.106000 0 0 0.000000 20 0.0 0.0
160 4.5 0.109350 0 0 0.000000 20 0.0 0.0
160 4.6 0.115650 0 0 0.050000 19 1.0 3.0
160 4.7 0.105550 0 0 0.000000 20 0.0 0.0
160 4.8 0.108250 0 0 0.000000 20 0.0 0.0
160 4.9 0.109300 0 0 0.000000 20 0.0 0.0
160 5.0 0.101800 0 0 0.000000 20 0.0 0.0
170 3.0 0.096600 0 0 0.000000 20 0.0 0.0
170 3.1 0.095550 0 0 0.000000 20 0.0 0.0
170 3.2 0.101350 0 0 0.000000 20 0.0 0.0
170 3.3 0.097700 0 0 0.000000 20 0.0 0.0
170 3.4 0.100950 0 0 0.000000 20 0.0 0.0
170 3.5 0.100200 0 0 0.000000 20 0.0 0.0
170 3.6 0.100850 0 0 0.000000 20 0.0 0.0
170 3.7 0.092050 0 0 0.000000 20 0.0 0.0
170 3.8 0.092400 0 0 0.000000 20 0.0 0.0
170 3.9 0.104300 0 0 0.000000 20 0.0 0.0
170 4.0 0.098700 0 0 0.000000 20 0.0 0.0
170 4.1 0.104650 0 0 0.000000 20 0.0 0.0
170 4.2 0.097450 0 0 0.000000 20 0.0 0.0
170 4.3 0.101800 0 0 0.000000 20 0.0 0.0
170 4.4 0.106500 0 0 0.000000 20 0.0 0.0
170 4.5 0.105800 0 0 0.000000 20 0.0 0.0
170 4.6 0.102900 0 0 0.000000 20 0.0 0.0
170 4.7 0.103350 0 0 0.000000 20 0.0 0.0
170 4.8 0.108150 0 0 0.000000 20 0.0 0.0
170 4.9 0.109050 0 0 0.000000 20 0.0 0.0
170 5.0 0.109550 0 0 0.000000 20 0.0 0.0
180 3.0 0.089250 0 0 0.000000 20 0.0 0.0
180 3.1 0.094650 0 0 0.000000 20 0.0 0.0
180 3.2 0.095800 0 0 0.000000 20 0.0 0.0
180 3.3 0.101050 0 0 0.000000 20 0.0 0.0
180 3.4 0.098000 0 0 0.000000 20 0.0 0.0
180 3.5 0.107400 0 0 0.000000 20 0.0 0.0
180 3.6 0.101100 0 0 0.000000 20 0.0 0.0
180 3.7 0.101500 0 0 0.000000 20 0.0 0.0
180 3.8 0.103700 0 0 0.000000 20 0.0 0.0
180 3.9 0.102250 0 0 0.000000 20 0.0 0.0
180 4.0 0.102200 0 0 0.000000 20 0.0 0.0
180 4.1 0.101700 0 0 0.000000 20 0.0 0.0
180 4.2 0.102000 0 0 0.000000 20 0.0 0.0
180 4.3 0.103850 0 0 0.000000 20 0.0 0.0
180 4.4 0.101850 0 0 0.000000 20 0.0 0.0
180 4.5 0.105550 0 0 0.000000 20 0.0 0.0
180 4.6 0.112300 0 0 0.000000 20 0.0 0.0
180 4.7 0.108600 0 0 0.000000 20 0.0 0.0
180 4.8 0.110800 0 0 0.000000 20 0.0 0.0
180 4.9 0.106550 0 0 0.000000 20 0.0 0.0
180 5.0 0.110850 0 0 0.000000 20 0.0 0.0
190 3.0 0.091900 0 0 0.000000 20 0.0 0.0
190 3.1 0.095100 0 0 0.000000 20 0.0 0.0
190 3.2 0.101150 0 0 0.000000 20 0.0 0.0
190 3.3 0.099800 0 0 0.000000 20 0.0 0.0
190 3.4 0.091650 0 0 0.000000 20 0.0 0.0
190 3.5 0.095250 0 0 0.000000 20 0.0 0.0
190 3.6 0.104950 0 0 0.000000 20 0.0 0.0
190 3.7 0.109750 0 0 0.000000 20 0.0 0.0
190 3.8 0.110650 0 0 0.000000 20 0.0 0.0
190 3.9 0.109300 0 0 0.000000 20 0.0 0.0
190 4.0 0.101250 0 0 0.000000 20 0.0 0.0
190 4.1 0.106450 0 0 0.000000 20 0.0 0.0
190 4.2 0.108000 0 0 0.000000 20 0.0 0.0
190 4.3 0.103100 0 0 0.000000 20 0.0 0.0
190 4.4 0.113950 0 0 0.000000 20 0.0 0.0
190 4.5 0.109450 0 0 0.000000 20 0.0 0.0
190 4.6 0.110300 0 0 0.000000 20 0.0 0.0
190 4.7 0.113300 0 0 0.000000 20 0.0 0.0
190 4.8 0.108950 0 0 0.000000 20 0.0 0.0
190 4.9 0.118100 0 0 0.000000 20 0.0 0.0
190 5.0 0.119200 0 0 0.000000 20 0.0 0.0
200 3.0 0.102300 0 0 0.000000 20 0.0 0.0
200 3.1 0.096750 0 0 0.000000 20 0.0 0.0
200 3.2 0.104600 0 0 0.000000 20 0.0 0.0
200 3.3 0.107700 0 0 0.000000 20 0.0 0.0
200 3.4 0.096900 0 0 0.000000 20 0.0 0.0
200 3.5 0.102600 0 0 0.000000 20 0.0 0.0
200 3.6 0.104750 0 0 0.000000 20 0.0 0.0
200 3.7 0.106400 0 0 0.000000 20 0.0 0.0
200 3.8 0.104350 0 0 0.000000 20 0.0 0.0
200 3.9 0.108400 0 0 0.000000 20 0.0 0.0
200 4.0 0.110250 0 0 0.000000 20 0.0 0.0
200 4.1 0.109050 0 0 0.000000 20 0.0 0.0
200 4.2 0.110100 0 0 0.000000 20 0.0 0.0
200 4.3 0.112900 0 0 0.000000 20 0.0 0.0
200 4.4 0.109050 0 0 0.000000 20 0.0 0.0
200 4.5 0.109000 0 0 0.000000 20 0.0 0.0
200 4.6 0.113850 0 0 0.000000 20 0.0 0.0
200 4.7 0.115950 0 0 0.000000 20 0.0 0.0
200 4.8 0.117850 0 0 0.000000 20 0.0 0.0
200 4.9 0.117600 0 0 0.000000 20 0.0 0.0
200 5.0 0.116050 0 0 0.000000 20 0.0 0.0
