50 6.903000 True 5 5 250
60 11.508000 True 5 5 300
70 17.366000 True 5 5 350
80 25.261000 True 5 5 400
90 37.556000 True 5 5 450
100 50.422000 True 5 5 500
110 69.478000 True 5 5 550
120 86.971000 True 5 5 600
130 110.117000 True 5 5 650
140 139.887000 True 5 5 700
150 170.730000 True 5 5 750
160 213.469000 True 5 5 800
170 255.409000 True 5 5 850
180 300.704000 True 5 5 900
190 373.743000 True 5 5 950
200 408.194000 True 5 5 1000
210 488.289000 True 5 5 1050
220 551.979000 True 5 5 1100
230 625.280000 True 5 5 1150
240 716.544000 True 5 5 1200
250 813.454000 True 5 5 1250
260 888.536000 True 5 5 1300
270 1023.345000 True 5 5 1350
280 1183.803000 True 5 5 1400
290 1269.576000 True 5 5 1450
300 1418.534000 True 5 5 1500
310 1555.670000 True 5 5 1550
320 1746.489000 True 5 5 1600
