50 0.149000 True 1 1 50
60 0.159000 True 1 1 60
70 0.165000 True 1 1 70
80 0.205000 True 1 1 80
90 0.233000 True 1 1 90
100 0.285000 True 1 1 100
110 0.282000 True 1 1 110
120 0.340000 True 1 1 120
130 0.400000 True 1 1 130
140 0.450000 True 1 1 140
150 0.465000 True 1 1 150
160 0.520000 True 1 1 160
170 0.573000 True 1 1 170
180 0.662000 True 1 1 180
190 0.701000 True 1 1 190
200 0.755000 True 1 1 200
210 0.933000 True 1 1 210
220 0.935000 True 1 1 220
230 0.992000 True 1 1 230
240 1.127000 True 1 1 240
250 1.182000 True 1 1 250
260 1.254000 True 1 1 260
270 1.306000 True 1 1 270
280 1.386000 True 1 1 280
290 1.507000 True 1 1 290
300 1.601000 True 1 1 300
310 1.627000 True 1 1 310
320 1.786000 True 1 1 320
330 1.854000 True 1 1 330
340 2.026000 True 1 1 340
350 2.106000 True 1 1 350
360 2.288000 True 1 1 360
370 2.400000 True 1 1 370
380 2.545000 True 1 1 380
390 2.684000 True 1 1 390
400 2.611000 True 1 1 400
