50 0.686000 True 5 5 250
60 0.889000 True 5 5 300
70 1.335000 True 5 5 350
80 1.855000 True 5 5 400
90 2.530000 True 5 5 450
100 3.030000 True 5 5 500
110 3.942000 True 5 5 550
120 4.768000 True 5 5 600
130 5.780000 True 5 5 650
140 6.990000 True 5 5 700
150 8.292000 True 5 5 750
160 9.933000 True 5 5 800
170 11.808000 True 5 5 850
180 13.524000 True 5 5 900
190 15.920000 True 5 5 950
200 18.714000 True 5 5 1000
210 21.543000 True 5 5 1050
220 24.263000 True 5 5 1100
230 27.832000 True 5 5 1150
240 31.294000 True 5 5 1200
250 34.559000 True 5 5 1250
260 38.915000 True 5 5 1300
270 44.152000 True 5 5 1350
280 48.592000 True 5 5 1400
290 53.817000 True 5 5 1450
300 60.743000 True 5 5 1500
310 69.598000 True 5 5 1550
320 77.968000 True 5 5 1600
330 85.741000 True 5 5 1650
340 95.062000 True 5 5 1700
350 103.002000 True 5 5 1750
360 113.372000 True 5 5 1800
370 122.472000 True 5 5 1850
380 129.934000 True 5 5 1900
390 138.916000 True 5 5 1950
400 150.832000 True 5 5 2000
