50 0.094000 True 1 1 50
60 0.103000 True 1 1 60
70 0.118000 True 1 1 70
80 0.161000 True 1 1 80
90 0.135000 True 1 1 90
100 0.144000 True 1 1 100
110 0.193000 True 1 1 110
120 0.208000 True 1 1 120
130 0.185000 True 1 1 130
140 0.214000 True 1 1 140
150 0.304000 True 1 1 150
160 0.256000 True 1 1 160
170 0.291000 True 1 1 170
180 0.330000 True 1 1 180
190 0.305000 True 1 1 190
200 0.335000 True 1 1 200
210 0.371000 True 1 1 210
220 0.479000 True 1 1 220
230 0.441000 True 1 1 230
240 0.442000 True 1 1 240
250 0.478000 True 1 1 250
260 0.576000 True 1 1 260
270 0.604000 True 1 1 270
280 0.648000 True 1 1 280
290 0.597000 True 1 1 290
300 0.658000 True 1 1 300
310 0.735000 True 1 1 310
320 0.806000 True 1 1 320
330 0.798000 True 1 1 330
340 0.797000 True 1 1 340
350 0.893000 True 1 1 350
360 0.874000 True 1 1 360
370 0.964000 True 1 1 370
380 0.945000 True 1 1 380
390 1.003000 True 1 1 390
400 1.045000 True 1 1 400
