50 1.204000 True 54 56 448
60 2.176000 True 64 66 538
70 2.649000 True 74 76 628
80 4.201000 True 84 86 718
90 5.904000 True 94 96 808
100 7.532000 True 104 106 898
110 10.162000 True 114 116 988
120 14.206000 True 124 126 1078
130 15.831000 True 134 136 1168
140 19.832000 True 144 146 1258
150 22.968000 True 154 156 1348
160 25.925000 True 164 166 1438
170 31.642000 True 174 176 1528
180 36.716000 True 184 186 1618
190 41.920000 True 194 196 1708
200 47.068000 True 204 206 1798
210 55.526000 True 214 216 1888
220 64.275000 True 224 226 1978
230 75.245000 True 234 236 2068
240 88.899000 True 244 246 2158
250 103.781000 True 254 256 2248
260 97.461000 True 264 266 2338
270 107.770000 True 274 276 2428
280 116.831000 True 284 286 2518
290 128.751000 True 294 296 2608
300 142.809000 True 304 306 2698
310 161.789000 True 314 316 2788
320 176.946000 True 324 326 2878
330 191.258000 True 334 336 2968
340 206.477000 True 344 346 3058
350 228.686000 True 354 356 3148
360 248.992000 True 364 366 3238
370 269.670000 True 374 376 3328
380 294.638000 True 384 386 3418
390 313.790000 True 394 396 3508
400 333.941000 True 404 406 3598
